Iterations,Scores
0,152
1,152
2,152
3,152
4,152
5,242
6,202
7,201
8,201
9,201
10,201
11,201
12,201
13,201
14,87
15,87
16,87
17,83
18,83
19,83
20,83
21,83
22,83
23,83
24,83
25,83
26,83
27,112
28,110
29,96
30,96
31,96
32,96
33,96
34,96
35,96
36,96
37,96
38,96
39,96
40,96
41,96
42,96
43,96
44,135
45,135
46,135
47,135
48,134
49,134
50,77
51,77
52,77
53,77
54,91
55,91
56,91
57,91
58,91
59,91
60,91
61,91
62,85
63,85
64,85
65,85
66,161
67,161
68,161
69,161
70,161
71,161
72,161
73,162
74,132
75,132
76,132
77,132
78,132
79,132
80,132
81,138
82,138
83,138
84,139
85,139
86,139
87,139
88,139
89,139
90,139
91,139
92,139
93,139
94,139
95,137
96,137
97,137
98,137
99,137
100,137
101,137
102,137
103,137
104,137
105,137
106,137
107,137
108,137
109,137
110,137
111,137
112,137
113,124
114,124
115,124
116,100
117,100
118,100
119,100
120,100
121,100
122,100
123,100
124,100
125,100
126,100
127,100
128,100
129,100
130,100
131,100
132,100
133,100
134,100
135,156
136,156
137,156
138,156
139,156
140,156
141,156
142,156
143,156
144,156
145,156
146,156
147,207
148,187
149,168
150,168
151,168
152,109
153,109
154,109
155,109
156,95
157,95
158,95
159,146
160,146
161,146
162,146
163,146
164,146
165,144
166,144
167,144
168,144
169,144
170,144
171,144
172,139
173,139
174,139
175,139
176,139
177,139
178,139
179,139
180,139
181,139
182,139
183,113
184,113
185,113
186,130
187,130
188,130
189,130
190,130
191,118
192,115
193,115
194,115
195,115
196,115
197,126
198,126
199,126
200,126
201,126
202,126
203,126
204,126
205,126
206,126
207,126
208,126
209,126
210,126
211,126
212,126
213,126
214,126
215,126
216,126
217,126
218,141
219,141
220,141
221,141
222,141
223,141
224,152
225,152
226,152
227,168
228,168
229,168
230,168
231,178
232,178
233,178
234,178
235,183
236,183
237,183
238,183
239,187
240,187
241,187
242,187
243,187
244,187
245,187
246,187
247,187
248,187
249,187
250,176
251,176
252,176
253,176
254,176
255,176
256,176
257,157
258,157
259,151
260,151
261,151
262,151
263,151
264,151
265,151
266,151
267,151
268,151
269,151
270,151
271,151
272,148
273,148
274,148
275,148
276,148
277,148
278,148
279,148
280,148
281,148
282,148
283,117
284,117
285,117
286,117
287,117
288,117
289,117
290,213
291,213
292,213
293,213
294,213
295,213
296,213
297,213
298,213
299,213
300,213
301,213
302,213
303,213
304,213
305,213
306,213
307,213
308,213
309,213
310,210
311,210
312,210
313,210
314,210
315,210
316,210
317,210
318,210
319,210
320,210
321,210
322,210
323,210
324,210
325,210
326,210
327,210
328,210
329,210
330,210
331,210
332,210
333,210
334,210
335,240
336,244
337,244
338,244
339,293
340,293
341,293
342,293
343,293
344,293
345,293
346,293
347,293
348,293
349,293
350,293
351,293
352,293
353,291
354,291
355,291
356,291
357,291
358,291
359,291
360,291
361,291
362,291
363,291
364,291
365,291
366,299
367,298
368,298
369,298
370,298
371,298
372,298
373,298
374,298
375,298
376,298
377,298
378,298
379,298
380,298
381,298
382,298
383,298
384,298
385,298
386,298
387,298
388,298
389,310
390,310
391,310
392,310
393,310
394,310
395,310
396,310
397,310
398,310
399,310
400,310
401,310
402,310
403,310
404,310
405,310
406,310
407,310
408,310
409,310
410,310
411,310
412,310
413,310
414,310
415,310
416,310
417,310
418,302
419,302
420,302
421,327
422,327
423,327
424,327
425,327
426,327
427,327
428,327
429,327
430,327
431,327
432,327
433,327
434,341
435,341
436,341
437,341
438,341
439,341
440,341
441,341
442,341
443,341
444,341
445,341
446,341
447,341
448,341
449,341
450,341
451,341
452,341
453,341
454,341
455,341
456,341
457,341
458,341
459,341
460,341
461,341
462,341
463,341
464,341
465,341
466,341
467,341
468,341
469,341
470,341
471,343
472,342
473,370
474,370
475,370
476,377
477,377
478,377
479,377
480,377
481,377
482,377
483,377
484,376
485,376
486,376
487,376
488,376
489,376
490,379
491,379
492,379
493,379
494,379
495,379
496,379
497,379
498,379
499,379
500,439
501,439
502,439
503,439
504,439
505,439
506,447
507,447
508,447
509,447
510,447
511,447
512,447
513,447
514,448
515,448
516,448
517,448
518,448
519,448
520,448
521,448
522,452
523,452
524,452
525,452
526,452
527,452
528,452
529,452
530,452
531,452
532,452
533,452
534,452
535,462
536,462
537,462
538,462
539,462
540,462
541,466
542,466
543,472
544,472
545,472
546,472
547,472
548,481
549,481
550,481
551,481
552,481
553,481
554,481
555,492
556,492
557,492
558,492
559,492
560,492
561,492
562,492
563,492
564,492
565,492
566,492
567,492
568,492
569,492
570,492
571,492
572,496
573,496
574,496
575,496
576,496
577,496
578,498
579,498
580,498
581,498
582,498
583,498
584,498
585,498
586,498
587,498
588,498
589,498
590,498
591,498
592,498
593,498
594,498
595,498
596,498
597,498
598,498
599,498
600,498
601,498
602,498
603,498
604,498
605,498
606,498
607,508
608,508
609,508
610,508
611,508
612,508
613,508
614,508
615,508
616,508
617,508
618,508
619,508
620,508
621,508
622,508
623,508
624,508
625,508
626,508
627,508
628,508
629,508
630,508
631,508
632,508
633,521
634,521
635,521
636,521
637,521
638,521
639,521
640,521
641,521
642,521
643,521
644,521
645,521
646,531
647,531
648,531
649,544
650,544
651,544
652,544
653,544
654,544
655,544
656,546
657,546
658,546
659,546
660,546
661,546
662,546
663,546
664,546
665,546
666,546
667,546
668,546
669,546
670,546
671,546
672,546
673,564
674,564
675,564
676,564
677,564
678,564
679,564
680,564
681,564
682,564
683,564
684,564
685,564
686,564
687,564
688,566
689,566
690,577
691,577
692,577
693,577
694,577
695,577
696,577
697,577
698,577
699,579
700,579
701,579
702,583
703,583
704,593
705,599
706,599
707,599
708,599
709,599
710,599
711,601
712,601
713,601
714,601
715,601
716,601
717,601
718,601
719,601
720,603
721,603
722,603
723,603
724,603
725,603
726,621
727,627
728,627
729,627
730,627
731,627
732,627
733,627
734,627
735,627
736,639
737,639
738,639
739,639
740,639
741,639
742,639
743,639
744,639
745,639
746,639
747,639
748,639
749,639
750,639
751,639
752,639
753,639
754,639
755,639
756,639
757,639
758,639
759,639
760,639
761,639
762,639
763,639
764,639
765,639
766,639
767,639
768,639
769,639
770,639
771,639
772,639
773,639
774,639
775,642
776,642
777,642
778,642
779,642
780,642
781,642
782,642
783,642
784,646
785,646
786,646
787,646
788,646
789,646
790,646
791,646
792,646
793,646
794,646
795,646
796,646
797,646
798,646
799,646
800,646
801,646
802,646
803,646
804,646
805,646
806,646
807,646
808,646
809,646
810,646
811,646
812,646
813,646
814,646
815,646
816,646
817,646
818,646
819,646
820,646
821,646
822,646
823,648
824,648
825,648
826,651
827,653
828,653
829,653
830,653
831,653
832,653
833,653
834,653
835,653
836,653
837,653
838,653
839,653
840,653
841,653
842,653
843,653
844,653
845,653
846,653
847,653
848,653
849,653
850,653
851,653
852,653
853,653
854,653
855,654
856,654
857,654
858,654
859,654
860,654
861,654
862,654
863,654
864,654
865,654
866,654
867,654
868,656
869,656
870,656
871,656
872,656
873,656
874,656
875,656
876,656
877,656
878,656
879,656
880,656
881,656
882,656
883,656
884,656
885,659
886,659
887,659
888,659
889,659
890,659
891,659
892,659
893,659
894,659
895,659
896,659
897,659
898,659
899,659
900,659
901,659
902,659
903,659
904,659
905,659
906,659
907,659
908,659
909,659
910,659
911,659
912,659
913,659
914,659
915,659
916,659
917,659
918,659
919,659
920,659
921,659
922,659
923,659
924,674
925,674
926,674
927,674
928,674
929,674
930,674
931,675
932,675
933,675
934,676
935,676
936,676
937,676
938,676
939,676
940,676
941,676
942,676
943,700
944,700
945,700
946,700
947,700
948,700
949,700
950,700
951,700
952,700
953,700
954,700
955,700
956,700
957,700
958,700
959,700
960,700
961,700
962,700
963,700
964,700
965,700
966,700
967,700
968,700
969,700
970,700
971,700
972,700
973,700
974,700
975,700
976,700
977,700
978,700
979,700
980,700
981,700
982,700
983,700
984,700
985,700
986,700
987,700
988,700
989,700
990,700
991,700
992,700
993,700
994,700
995,700
996,700
997,700
998,716
999,716
1000,716
1001,716
1002,716
1003,716
1004,716
1005,716
1006,716
1007,716
1008,716
1009,717
1010,717
1011,717
1012,717
1013,717
1014,717
1015,717
1016,717
1017,717
1018,717
1019,717
1020,717
1021,717
1022,717
1023,718
1024,718
1025,718
1026,718
1027,718
1028,718
1029,719
1030,719
1031,719
1032,719
1033,719
1034,719
1035,719
1036,719
1037,719
1038,719
1039,719
1040,719
1041,719
1042,719
1043,725
1044,727
1045,727
1046,727
1047,727
1048,727
1049,727
1050,727
1051,727
1052,727
1053,727
1054,727
1055,727
1056,730
1057,730
1058,730
1059,730
1060,730
1061,730
1062,730
1063,730
1064,730
1065,730
1066,730
1067,730
1068,730
1069,730
1070,730
1071,730
1072,730
1073,730
1074,730
1075,730
1076,730
1077,730
1078,741
1079,741
1080,741
1081,741
1082,741
1083,741
1084,760
1085,760
1086,760
1087,760
1088,760
1089,773
1090,773
1091,773
1092,773
1093,773
1094,773
1095,773
1096,773
1097,773
1098,773
1099,773
1100,773
1101,773
1102,773
1103,773
1104,773
1105,773
1106,773
1107,773
1108,773
1109,773
1110,773
1111,773
1112,773
1113,773
1114,773
1115,773
1116,773
1117,773
1118,773
1119,773
1120,773
1121,773
1122,773
1123,773
1124,803
1125,803
1126,803
1127,803
1128,803
1129,803
1130,803
1131,803
1132,803
1133,815
1134,815
1135,815
1136,815
1137,815
1138,815
1139,815
1140,889
1141,889
1142,889
1143,889
1144,889
1145,889
1146,889
1147,889
1148,889
1149,891
1150,891
1151,891
1152,891
1153,902
1154,902
1155,902
1156,902
1157,902
1158,902
1159,902
1160,902
1161,902
1162,902
1163,902
1164,902
1165,902
1166,902
1167,902
1168,902
1169,902
1170,902
1171,902
1172,902
1173,902
1174,902
1175,902
1176,902
1177,902
1178,902
1179,902
1180,902
1181,902
1182,908
1183,908
1184,908
1185,908
1186,908
1187,908
1188,908
1189,908
1190,908
1191,908
1192,908
1193,908
1194,908
1195,908
1196,908
1197,908
1198,908
1199,908
1200,908
1201,908
1202,908
1203,908
1204,908
1205,908
1206,908
1207,908
1208,908
1209,908
1210,908
1211,908
1212,908
1213,908
1214,908
1215,908
1216,908
1217,908
1218,908
1219,908
1220,908
1221,908
1222,908
1223,908
1224,908
1225,908
1226,908
1227,908
1228,908
1229,908
1230,908
1231,908
1232,908
1233,908
1234,908
1235,908
1236,908
1237,909
1238,909
1239,909
1240,909
1241,909
1242,909
1243,909
1244,909
1245,909
1246,909
1247,909
1248,909
1249,909
1250,909
1251,909
1252,909
1253,909
1254,909
1255,909
1256,909
1257,909
1258,909
1259,909
1260,909
1261,909
1262,909
1263,909
1264,925
1265,925
1266,925
1267,925
1268,925
1269,925
1270,925
1271,925
1272,925
1273,925
1274,925
1275,925
1276,925
1277,925
1278,925
1279,927
1280,927
1281,927
1282,927
1283,927
1284,927
1285,927
1286,927
1287,927
1288,927
1289,927
1290,927
1291,927
1292,927
1293,927
1294,927
1295,927
1296,927
1297,927
1298,927
1299,927
1300,927
1301,927
1302,927
1303,927
1304,931
1305,931
1306,931
1307,931
1308,931
1309,931
1310,931
1311,931
1312,931
1313,931
1314,931
1315,931
1316,931
1317,932
1318,932
1319,932
1320,932
1321,932
1322,932
1323,932
1324,932
1325,932
1326,932
1327,932
1328,932
1329,932
1330,932
1331,932
1332,932
1333,932
1334,932
1335,932
1336,932
1337,932
1338,932
1339,932
1340,932
1341,932
1342,932
1343,932
1344,932
1345,932
1346,932
1347,932
1348,932
1349,932
1350,932
1351,932
1352,932
1353,932
1354,932
1355,933
1356,933
1357,933
1358,933
1359,933
1360,933
1361,933
1362,933
1363,933
1364,933
1365,933
1366,933
1367,933
1368,933
1369,933
1370,933
1371,933
1372,933
1373,939
1374,939
1375,939
1376,941
1377,941
1378,941
1379,941
1380,941
1381,941
1382,941
1383,941
1384,941
1385,943
1386,943
1387,943
1388,943
1389,943
1390,943
1391,943
1392,943
1393,943
1394,943
1395,943
1396,943
1397,943
1398,943
1399,943
1400,943
1401,943
1402,943
1403,943
1404,945
1405,945
1406,945
1407,945
1408,945
1409,945
1410,945
1411,945
1412,945
1413,945
1414,947
1415,947
1416,947
1417,947
1418,947
1419,947
1420,947
1421,947
1422,947
1423,947
1424,947
1425,947
1426,947
1427,947
1428,947
1429,947
1430,947
1431,947
1432,947
1433,947
1434,947
1435,947
1436,947
1437,947
1438,947
1439,947
1440,947
1441,947
1442,947
1443,947
1444,947
1445,947
1446,947
1447,947
1448,947
1449,947
1450,947
1451,947
1452,947
1453,947
1454,947
1455,947
1456,947
1457,947
1458,947
1459,947
1460,947
1461,947
1462,947
1463,947
1464,948
1465,948
1466,948
1467,948
1468,948
1469,948
1470,948
1471,948
1472,948
1473,948
1474,948
1475,948
1476,948
1477,948
1478,948
1479,948
1480,948
1481,948
1482,948
1483,948
1484,948
1485,948
1486,948
1487,948
1488,948
1489,948
1490,948
1491,948
1492,948
1493,948
1494,948
1495,948
1496,948
1497,948
1498,948
1499,948
1500,948
1501,948
1502,948
1503,949
1504,949
1505,949
1506,949
1507,949
1508,950
1509,950
1510,950
1511,950
1512,950
1513,950
1514,950
1515,950
1516,950
1517,950
1518,950
1519,954
1520,954
1521,954
1522,954
1523,954
1524,954
1525,954
1526,954
1527,954
1528,954
1529,954
1530,954
1531,954
1532,954
1533,954
1534,954
1535,954
1536,954
1537,954
1538,954
1539,954
1540,954
1541,954
1542,954
1543,954
1544,954
1545,955
1546,955
1547,955
1548,955
1549,955
1550,955
1551,955
1552,955
1553,955
1554,955
1555,955
1556,955
1557,955
1558,955
1559,955
1560,955
1561,955
1562,955
1563,955
1564,955
1565,957
1566,957
1567,957
1568,957
1569,957
1570,961
1571,961
1572,961
1573,973
1574,974
1575,974
1576,974
1577,975
1578,975
1579,975
1580,975
1581,975
1582,975
1583,975
1584,975
1585,975
1586,975
1587,975
1588,975
1589,975
1590,975
1591,975
1592,975
1593,975
1594,975
1595,975
1596,975
1597,975
1598,975
1599,975
1600,975
1601,975
1602,975
1603,975
1604,975
1605,975
1606,975
1607,975
1608,975
1609,975
1610,975
1611,975
1612,975
1613,975
1614,975
1615,975
1616,975
1617,975
1618,975
1619,975
1620,975
1621,975
1622,975
1623,975
1624,975
1625,975
1626,975
1627,975
1628,975
1629,975
1630,975
1631,975
1632,975
1633,975
1634,975
1635,975
1636,975
1637,975
1638,975
1639,975
1640,975
1641,975
1642,975
1643,975
1644,975
1645,975
1646,975
1647,975
1648,975
1649,975
1650,975
1651,975
1652,975
1653,975
1654,975
1655,975
1656,975
1657,975
1658,975
1659,975
1660,975
1661,975
1662,975
1663,975
1664,975
1665,975
1666,975
1667,975
1668,975
1669,975
1670,975
1671,975
1672,975
1673,975
1674,975
1675,975
1676,975
1677,975
1678,979
1679,979
1680,987
1681,987
1682,987
1683,987
1684,987
1685,987
1686,987
1687,987
1688,987
1689,987
1690,987
1691,987
1692,987
1693,987
1694,987
1695,987
1696,987
1697,987
1698,987
1699,987
1700,987
1701,987
1702,987
1703,999
1704,999
1705,999
1706,999
1707,999
1708,999
1709,999
1710,999
1711,999
1712,999
1713,999
1714,999
1715,999
1716,999
1717,999
1718,999
1719,999
1720,999
1721,999
1722,999
1723,999
1724,999
1725,999
1726,999
1727,999
1728,999
1729,999
1730,999
1731,999
1732,999
1733,999
1734,999
1735,999
1736,999
1737,999
1738,999
1739,1000
1740,1000
1741,1000
1742,1000
1743,1000
1744,1000
1745,1000
1746,1000
1747,1000
1748,1000
1749,1000
1750,1000
1751,1000
1752,1000
1753,1000
1754,1000
1755,1000
1756,1000
1757,1000
1758,1000
1759,1000
1760,1000
1761,1000
1762,1000
1763,1000
1764,1000
1765,1000
1766,1000
1767,1000
1768,1000
1769,1000
1770,1000
1771,1000
1772,1000
1773,1000
1774,1000
1775,1000
1776,1000
1777,1000
1778,1000
1779,1000
1780,1000
1781,1000
1782,1007
1783,1007
1784,1007
1785,1007
1786,1007
1787,1007
1788,1007
1789,1007
1790,1007
1791,1007
1792,1007
1793,1007
1794,1007
1795,1008
1796,1008
1797,1008
1798,1008
1799,1008
1800,1008
1801,1008
1802,1008
1803,1012
1804,1012
1805,1012
1806,1012
1807,1012
1808,1012
1809,1012
1810,1012
1811,1012
1812,1012
1813,1012
1814,1012
1815,1012
1816,1012
1817,1012
1818,1012
1819,1012
1820,1012
1821,1012
1822,1012
1823,1012
1824,1012
1825,1012
1826,1012
1827,1012
1828,1012
1829,1012
1830,1012
1831,1012
1832,1012
1833,1012
1834,1012
1835,1012
1836,1012
1837,1012
1838,1012
1839,1012
1840,1012
1841,1012
1842,1012
1843,1012
1844,1012
1845,1012
1846,1012
1847,1012
1848,1012
1849,1012
1850,1012
1851,1012
1852,1012
1853,1012
1854,1012
1855,1012
1856,1012
1857,1012
1858,1012
1859,1012
1860,1012
1861,1012
1862,1012
1863,1012
1864,1012
1865,1012
1866,1014
1867,1014
1868,1014
1869,1014
1870,1014
1871,1014
1872,1014
1873,1014
1874,1014
1875,1014
1876,1014
1877,1014
1878,1014
1879,1015
1880,1015
1881,1015
1882,1015
1883,1015
1884,1015
1885,1015
1886,1015
1887,1015
1888,1015
1889,1015
1890,1015
1891,1015
1892,1015
1893,1015
1894,1015
1895,1015
1896,1015
1897,1015
1898,1015
1899,1015
1900,1015
1901,1015
1902,1015
1903,1015
1904,1015
1905,1015
1906,1015
1907,1015
1908,1015
1909,1017
1910,1017
1911,1017
1912,1017
1913,1017
1914,1017
1915,1017
1916,1017
1917,1017
1918,1017
1919,1017
1920,1017
1921,1017
1922,1017
1923,1017
1924,1017
1925,1017
1926,1017
1927,1017
1928,1017
1929,1017
1930,1017
1931,1017
1932,1017
1933,1017
1934,1017
1935,1017
1936,1017
1937,1017
1938,1017
1939,1017
1940,1017
1941,1017
1942,1017
1943,1017
1944,1017
1945,1017
1946,1017
1947,1017
1948,1017
1949,1017
1950,1017
1951,1017
1952,1017
1953,1017
1954,1017
1955,1017
1956,1017
1957,1017
1958,1017
1959,1017
1960,1017
1961,1017
1962,1017
1963,1017
1964,1017
1965,1017
1966,1017
1967,1017
1968,1017
1969,1017
1970,1017
1971,1017
1972,1017
1973,1017
1974,1017
1975,1017
1976,1017
1977,1017
1978,1017
1979,1017
1980,1017
1981,1017
1982,1017
1983,1017
1984,1017
1985,1017
1986,1017
1987,1017
1988,1017
1989,1017
1990,1017
1991,1019
1992,1019
1993,1019
1994,1019
1995,1019
1996,1019
1997,1019
1998,1021
1999,1021
2000,1021
2001,1021
2002,1021
2003,1021
2004,1021
2005,1021
2006,1021
2007,1021
2008,1021
2009,1021
2010,1021
2011,1021
2012,1021
2013,1021
2014,1021
2015,1021
2016,1021
2017,1021
2018,1021
2019,1021
2020,1021
2021,1021
2022,1021
2023,1021
2024,1021
2025,1021
2026,1021
2027,1021
2028,1021
2029,1021
2030,1021
2031,1031
2032,1031
2033,1031
2034,1031
2035,1031
2036,1031
2037,1031
2038,1031
2039,1031
2040,1031
2041,1031
2042,1031
2043,1031
2044,1031
2045,1031
2046,1031
2047,1031
2048,1031
2049,1031
2050,1031
2051,1031
2052,1031
2053,1031
2054,1031
2055,1031
2056,1031
2057,1031
2058,1031
2059,1031
2060,1031
2061,1031
2062,1031
2063,1031
2064,1031
2065,1031
2066,1031
2067,1031
2068,1031
2069,1031
2070,1031
2071,1031
2072,1031
2073,1031
2074,1031
2075,1031
2076,1031
2077,1031
2078,1031
2079,1031
2080,1031
2081,1031
2082,1031
2083,1031
2084,1031
2085,1031
2086,1031
2087,1031
2088,1031
2089,1037
2090,1037
2091,1037
2092,1037
2093,1037
2094,1037
2095,1037
2096,1037
2097,1037
2098,1037
2099,1037
2100,1037
2101,1037
2102,1037
2103,1037
2104,1037
2105,1037
2106,1037
2107,1037
2108,1037
2109,1037
2110,1037
2111,1037
2112,1037
2113,1037
2114,1037
2115,1037
2116,1037
2117,1037
2118,1037
2119,1037
2120,1037
2121,1037
2122,1047
2123,1047
2124,1047
2125,1047
2126,1047
2127,1050
2128,1050
2129,1050
2130,1050
2131,1050
2132,1050
2133,1050
2134,1050
2135,1050
2136,1050
2137,1050
2138,1050
2139,1050
2140,1050
2141,1050
2142,1050
2143,1050
2144,1050
2145,1050
2146,1050
2147,1050
2148,1050
2149,1050
2150,1050
2151,1050
2152,1050
2153,1050
2154,1050
2155,1050
2156,1050
2157,1050
2158,1050
2159,1050
2160,1050
2161,1050
2162,1050
2163,1050
2164,1050
2165,1050
2166,1050
2167,1052
2168,1052
2169,1052
2170,1056
2171,1056
2172,1056
2173,1056
2174,1056
2175,1056
2176,1056
2177,1056
2178,1056
2179,1056
2180,1056
2181,1056
2182,1056
2183,1056
2184,1056
2185,1056
2186,1057
2187,1057
2188,1059
2189,1059
2190,1059
2191,1059
2192,1059
2193,1059
2194,1059
2195,1059
2196,1059
2197,1059
2198,1061
2199,1061
2200,1061
2201,1061
2202,1061
2203,1061
2204,1061
2205,1061
2206,1061
2207,1061
2208,1061
2209,1061
2210,1061
2211,1061
2212,1061
2213,1061
2214,1061
2215,1061
2216,1061
2217,1061
2218,1061
2219,1061
2220,1061
2221,1061
2222,1061
2223,1061
2224,1061
2225,1061
2226,1061
2227,1074
2228,1074
2229,1074
2230,1074
2231,1074
2232,1074
2233,1074
2234,1074
2235,1074
2236,1074
2237,1074
2238,1074
2239,1074
2240,1074
2241,1074
2242,1074
2243,1074
2244,1074
2245,1074
2246,1074
2247,1074
2248,1074
2249,1074
2250,1074
2251,1074
2252,1074
2253,1074
2254,1074
2255,1074
2256,1074
2257,1074
2258,1074
2259,1074
2260,1074
2261,1074
2262,1074
2263,1074
2264,1074
2265,1074
2266,1075
2267,1075
2268,1075
2269,1075
2270,1075
2271,1075
2272,1075
2273,1075
2274,1075
2275,1075
2276,1075
2277,1075
2278,1075
2279,1075
2280,1075
2281,1075
2282,1075
2283,1075
2284,1075
2285,1075
2286,1075
2287,1075
2288,1075
2289,1075
2290,1075
2291,1075
2292,1075
2293,1075
2294,1075
2295,1075
2296,1075
2297,1075
2298,1075
2299,1075
2300,1075
2301,1075
2302,1075
2303,1075
2304,1075
2305,1075
2306,1075
2307,1075
2308,1075
2309,1075
2310,1075
2311,1075
2312,1075
2313,1075
2314,1075
2315,1075
2316,1075
2317,1075
2318,1075
2319,1075
2320,1075
2321,1075
2322,1075
2323,1081
2324,1081
2325,1081
2326,1081
2327,1081
2328,1081
2329,1081
2330,1081
2331,1081
2332,1081
2333,1081
2334,1081
2335,1081
2336,1081
2337,1081
2338,1081
2339,1081
2340,1081
2341,1081
2342,1081
2343,1081
2344,1081
2345,1081
2346,1081
2347,1081
2348,1081
2349,1081
2350,1081
2351,1081
2352,1081
2353,1081
2354,1081
2355,1081
2356,1081
2357,1081
2358,1081
2359,1081
2360,1081
2361,1081
2362,1081
2363,1081
2364,1081
2365,1081
2366,1089
2367,1089
2368,1089
2369,1089
2370,1091
2371,1091
2372,1091
2373,1091
2374,1091
2375,1091
2376,1091
2377,1091
2378,1091
2379,1091
2380,1091
2381,1091
2382,1091
2383,1091
2384,1091
2385,1091
2386,1091
2387,1091
2388,1091
2389,1091
2390,1091
2391,1091
2392,1091
2393,1091
2394,1091
2395,1091
2396,1091
2397,1091
2398,1091
2399,1091
2400,1091
2401,1091
2402,1091
2403,1091
2404,1091
2405,1091
2406,1091
2407,1091
2408,1091
2409,1091
2410,1091
2411,1091
2412,1091
2413,1091
2414,1091
2415,1091
2416,1091
2417,1091
2418,1091
2419,1091
2420,1091
2421,1091
2422,1091
2423,1091
2424,1091
2425,1091
2426,1091
2427,1091
2428,1093
2429,1093
2430,1093
2431,1093
2432,1093
2433,1093
2434,1097
2435,1097
2436,1097
2437,1097
2438,1097
2439,1097
2440,1097
2441,1097
2442,1097
2443,1097
2444,1097
2445,1097
2446,1097
2447,1097
2448,1097
2449,1097
2450,1097
2451,1097
2452,1097
2453,1097
2454,1097
2455,1097
2456,1097
2457,1097
2458,1097
2459,1097
2460,1097
2461,1097
2462,1097
2463,1097
2464,1097
2465,1097
2466,1097
2467,1097
2468,1097
2469,1097
2470,1097
2471,1097
2472,1097
2473,1097
2474,1097
2475,1097
2476,1097
2477,1097
2478,1100
2479,1100
2480,1100
2481,1100
2482,1100
2483,1100
2484,1100
2485,1100
2486,1100
2487,1100
2488,1100
2489,1100
2490,1100
2491,1100
2492,1100
2493,1100
2494,1100
2495,1100
2496,1100
2497,1100
2498,1100
2499,1100
2500,1100
2501,1100
2502,1100
2503,1100
2504,1100
2505,1100
2506,1100
2507,1100
2508,1100
2509,1100
2510,1100
2511,1100
2512,1100
2513,1100
2514,1100
2515,1101
2516,1101
2517,1101
2518,1101
2519,1101
2520,1103
2521,1103
2522,1103
2523,1103
2524,1103
2525,1103
2526,1103
2527,1103
2528,1103
2529,1103
2530,1103
2531,1103
2532,1103
2533,1103
2534,1103
2535,1103
2536,1103
2537,1103
2538,1103
2539,1103
2540,1103
2541,1103
2542,1103
2543,1103
2544,1103
2545,1103
2546,1103
2547,1103
2548,1103
2549,1103
2550,1103
2551,1103
2552,1103
2553,1103
2554,1103
2555,1103
2556,1103
2557,1103
2558,1103
2559,1103
2560,1103
2561,1103
2562,1103
2563,1103
2564,1103
2565,1103
2566,1103
2567,1103
2568,1103
2569,1103
2570,1103
2571,1103
2572,1103
2573,1103
2574,1103
2575,1103
2576,1103
2577,1103
2578,1103
2579,1103
2580,1103
2581,1103
2582,1103
2583,1103
2584,1103
2585,1103
2586,1103
2587,1103
2588,1103
2589,1103
2590,1103
2591,1103
2592,1103
2593,1103
2594,1103
2595,1103
2596,1103
2597,1103
2598,1103
2599,1103
2600,1103
2601,1103
2602,1104
2603,1104
2604,1104
2605,1104
2606,1104
2607,1104
2608,1104
2609,1104
2610,1104
2611,1104
2612,1104
2613,1104
2614,1104
2615,1104
2616,1104
2617,1104
2618,1104
2619,1104
2620,1104
2621,1104
2622,1104
2623,1104
2624,1104
2625,1104
2626,1104
2627,1104
2628,1104
2629,1104
2630,1104
2631,1104
2632,1104
2633,1104
2634,1104
2635,1104
2636,1104
2637,1104
2638,1104
2639,1104
2640,1104
2641,1104
2642,1104
2643,1104
2644,1104
2645,1104
2646,1104
2647,1104
2648,1104
2649,1104
2650,1104
2651,1104
2652,1104
2653,1104
2654,1104
2655,1104
2656,1106
2657,1106
2658,1106
2659,1106
2660,1106
2661,1106
2662,1106
2663,1106
2664,1106
2665,1106
2666,1107
2667,1107
2668,1107
2669,1107
2670,1107
2671,1107
2672,1107
2673,1124
2674,1124
2675,1124
2676,1124
2677,1126
2678,1126
2679,1126
2680,1126
2681,1126
2682,1126
2683,1126
2684,1126
2685,1126
2686,1126
2687,1126
2688,1126
2689,1126
2690,1126
2691,1126
2692,1126
2693,1134
2694,1134
2695,1134
2696,1134
2697,1134
2698,1134
2699,1134
2700,1134
2701,1134
2702,1142
2703,1142
2704,1142
2705,1142
2706,1142
2707,1142
2708,1142
2709,1142
2710,1142
2711,1142
2712,1142
2713,1142
2714,1142
2715,1142
2716,1142
2717,1142
2718,1142
2719,1142
2720,1142
2721,1142
2722,1142
2723,1142
2724,1142
2725,1142
2726,1142
2727,1142
2728,1142
2729,1142
2730,1142
2731,1142
2732,1142
2733,1142
2734,1142
2735,1142
2736,1142
2737,1142
2738,1142
2739,1142
2740,1142
2741,1142
2742,1142
2743,1142
2744,1142
2745,1142
2746,1142
2747,1142
2748,1142
2749,1142
2750,1142
2751,1142
2752,1142
2753,1142
2754,1142
2755,1142
2756,1142
2757,1142
2758,1142
2759,1142
2760,1142
2761,1142
2762,1144
2763,1144
2764,1144
2765,1144
2766,1144
2767,1144
2768,1144
2769,1144
2770,1144
2771,1144
2772,1144
2773,1144
2774,1144
2775,1144
2776,1144
2777,1144
2778,1144
2779,1144
2780,1144
2781,1144
2782,1144
2783,1144
2784,1144
2785,1144
2786,1144
2787,1144
2788,1144
2789,1144
2790,1144
2791,1144
2792,1144
2793,1144
2794,1144
2795,1144
2796,1144
2797,1144
2798,1144
2799,1144
2800,1144
2801,1144
2802,1144
2803,1144
2804,1144
2805,1144
2806,1144
2807,1144
2808,1144
2809,1144
2810,1144
2811,1144
2812,1144
2813,1144
2814,1144
2815,1144
2816,1144
2817,1144
2818,1144
2819,1144
2820,1144
2821,1144
2822,1144
2823,1144
2824,1144
2825,1144
2826,1161
2827,1161
2828,1161
2829,1161
2830,1161
2831,1161
2832,1161
2833,1161
2834,1161
2835,1161
2836,1161
2837,1161
2838,1161
2839,1161
2840,1161
2841,1161
2842,1161
2843,1161
2844,1161
2845,1161
2846,1161
2847,1161
2848,1161
2849,1161
2850,1161
2851,1161
2852,1161
2853,1161
2854,1165
2855,1165
2856,1165
2857,1165
2858,1165
2859,1165
2860,1165
2861,1165
2862,1173
2863,1173
2864,1173
2865,1173
2866,1173
2867,1173
2868,1173
2869,1173
2870,1173
2871,1173
2872,1173
2873,1173
2874,1173
2875,1173
2876,1173
2877,1173
2878,1173
2879,1173
2880,1173
2881,1173
2882,1173
2883,1173
2884,1173
2885,1173
2886,1173
2887,1173
2888,1173
2889,1173
2890,1173
2891,1173
2892,1173
2893,1173
2894,1173
2895,1173
2896,1173
2897,1173
2898,1173
2899,1173
2900,1173
2901,1173
2902,1173
2903,1173
2904,1173
2905,1173
2906,1173
2907,1173
2908,1173
2909,1173
2910,1173
2911,1173
2912,1173
2913,1173
2914,1173
2915,1173
2916,1173
2917,1173
2918,1173
2919,1173
2920,1173
2921,1173
2922,1173
2923,1173
2924,1173
2925,1173
2926,1173
2927,1173
2928,1173
2929,1173
2930,1173
2931,1173
2932,1173
2933,1173
2934,1174
2935,1174
2936,1174
2937,1174
2938,1174
2939,1174
2940,1174
2941,1174
2942,1174
2943,1174
2944,1174
2945,1174
2946,1174
2947,1174
2948,1174
2949,1174
2950,1174
2951,1174
2952,1174
2953,1174
2954,1174
2955,1174
2956,1174
2957,1174
2958,1174
2959,1174
2960,1174
2961,1174
2962,1174
2963,1174
2964,1174
2965,1174
2966,1174
2967,1174
2968,1174
2969,1174
2970,1174
2971,1174
2972,1174
2973,1174
2974,1174
2975,1174
2976,1174
2977,1174
2978,1174
2979,1174
2980,1174
2981,1174
2982,1174
2983,1174
2984,1177
2985,1177
2986,1177
2987,1177
2988,1177
2989,1177
2990,1177
2991,1177
2992,1177
2993,1183
2994,1183
2995,1183
2996,1183
2997,1183
2998,1183
2999,1183
3000,1183
3001,1183
3002,1183
3003,1183
3004,1183
3005,1183
3006,1183
3007,1183
3008,1183
3009,1183
3010,1183
3011,1187
3012,1187
3013,1187
3014,1187
3015,1187
3016,1187
3017,1187
3018,1187
3019,1187
3020,1187
3021,1187
3022,1187
3023,1187
3024,1187
3025,1187
3026,1187
3027,1187
3028,1187
3029,1187
3030,1187
3031,1187
3032,1187
3033,1187
3034,1187
3035,1187
3036,1187
3037,1187
3038,1187
3039,1187
3040,1187
3041,1187
3042,1187
3043,1187
3044,1187
3045,1188
3046,1188
3047,1188
3048,1188
3049,1188
3050,1188
3051,1188
3052,1188
3053,1188
3054,1188
3055,1188
3056,1188
3057,1193
3058,1193
3059,1193
3060,1196
3061,1196
3062,1196
3063,1196
3064,1196
3065,1196
3066,1196
3067,1196
3068,1196
3069,1196
3070,1196
3071,1196
3072,1196
3073,1196
3074,1196
3075,1196
3076,1196
3077,1196
3078,1196
3079,1196
3080,1196
3081,1196
3082,1196
3083,1196
3084,1196
3085,1196
3086,1196
3087,1196
3088,1196
3089,1196
3090,1196
3091,1196
3092,1196
3093,1196
3094,1196
3095,1196
3096,1196
3097,1196
3098,1198
3099,1198
3100,1198
3101,1198
3102,1198
3103,1198
3104,1198
3105,1198
3106,1198
3107,1198
3108,1198
3109,1198
3110,1198
3111,1198
3112,1198
3113,1205
3114,1205
3115,1205
3116,1205
3117,1205
3118,1205
3119,1205
3120,1205
3121,1205
3122,1205
3123,1205
3124,1205
3125,1205
3126,1205
3127,1205
3128,1205
3129,1205
3130,1206
3131,1206
3132,1206
3133,1206
3134,1206
3135,1206
3136,1206
3137,1206
3138,1206
3139,1206
3140,1206
3141,1206
3142,1206
3143,1206
3144,1206
3145,1206
3146,1206
3147,1206
3148,1206
3149,1206
3150,1206
3151,1206
3152,1206
3153,1206
3154,1206
3155,1206
3156,1206
3157,1206
3158,1206
3159,1206
3160,1215
3161,1215
3162,1215
3163,1215
3164,1215
3165,1223
3166,1223
3167,1223
3168,1223
3169,1223
3170,1223
3171,1223
3172,1223
3173,1226
3174,1226
3175,1226
3176,1226
3177,1226
3178,1228
3179,1228
3180,1228
3181,1228
3182,1228
3183,1228
3184,1228
3185,1228
3186,1228
3187,1228
3188,1228
3189,1228
3190,1228
3191,1228
3192,1228
3193,1228
3194,1228
3195,1228
3196,1228
3197,1228
3198,1228
3199,1228
3200,1228
3201,1228
3202,1228
3203,1228
3204,1228
3205,1228
3206,1228
3207,1228
3208,1228
3209,1228
3210,1228
3211,1228
3212,1228
3213,1228
3214,1228
3215,1228
3216,1228
3217,1228
3218,1228
3219,1229
3220,1229
3221,1229
3222,1229
3223,1229
3224,1229
3225,1229
3226,1229
3227,1229
3228,1229
3229,1229
3230,1229
3231,1229
3232,1229
3233,1229
3234,1229
3235,1229
3236,1229
3237,1229
3238,1229
3239,1229
3240,1229
3241,1229
3242,1229
3243,1229
3244,1229
3245,1229
3246,1229
3247,1229
3248,1229
3249,1229
3250,1229
3251,1229
3252,1229
3253,1229
3254,1229
3255,1229
3256,1229
3257,1229
3258,1229
3259,1229
3260,1229
3261,1229
3262,1229
3263,1229
3264,1229
3265,1229
3266,1229
3267,1229
3268,1229
3269,1229
3270,1229
3271,1229
3272,1233
3273,1233
3274,1233
3275,1233
3276,1233
3277,1233
3278,1233
3279,1233
3280,1233
3281,1235
3282,1235
3283,1235
3284,1235
3285,1235
3286,1235
3287,1235
3288,1235
3289,1235
3290,1235
3291,1235
3292,1235
3293,1235
3294,1235
3295,1235
3296,1235
3297,1235
3298,1235
3299,1235
3300,1235
3301,1235
3302,1235
3303,1235
3304,1235
3305,1235
3306,1235
3307,1235
3308,1235
3309,1235
3310,1235
3311,1235
3312,1235
3313,1235
3314,1235
3315,1235
3316,1235
3317,1235
3318,1235
3319,1235
3320,1235
3321,1235
3322,1235
3323,1235
3324,1235
3325,1235
3326,1235
3327,1235
3328,1237
3329,1237
3330,1237
3331,1239
3332,1239
3333,1239
3334,1239
3335,1239
3336,1239
3337,1239
3338,1259
3339,1266
3340,1266
3341,1266
3342,1266
3343,1266
3344,1266
3345,1266
3346,1266
3347,1266
3348,1266
3349,1266
3350,1266
3351,1266
3352,1266
3353,1266
3354,1266
3355,1266
3356,1266
3357,1266
3358,1266
3359,1266
3360,1266
3361,1266
3362,1266
3363,1266
3364,1266
3365,1266
3366,1266
3367,1266
3368,1266
3369,1266
3370,1266
3371,1266
3372,1266
3373,1266
3374,1266
3375,1266
3376,1266
3377,1266
3378,1266
3379,1266
3380,1266
3381,1266
3382,1266
3383,1266
3384,1266
3385,1266
3386,1266
3387,1266
3388,1266
3389,1266
3390,1266
3391,1266
3392,1266
3393,1266
3394,1266
3395,1266
3396,1266
3397,1266
3398,1266
3399,1266
3400,1266
3401,1266
3402,1266
3403,1266
3404,1266
3405,1266
3406,1266
3407,1266
3408,1266
3409,1274
3410,1274
3411,1274
3412,1274
3413,1274
3414,1274
3415,1274
3416,1274
3417,1274
3418,1274
3419,1274
3420,1274
3421,1274
3422,1274
3423,1274
3424,1274
3425,1274
3426,1274
3427,1274
3428,1274
3429,1274
3430,1274
3431,1274
3432,1274
3433,1274
3434,1274
3435,1274
3436,1274
3437,1274
3438,1274
3439,1274
3440,1274
3441,1274
3442,1274
3443,1274
3444,1274
3445,1274
3446,1274
3447,1274
3448,1274
3449,1274
3450,1274
3451,1274
3452,1274
3453,1274
3454,1274
3455,1274
3456,1274
3457,1274
3458,1274
3459,1274
3460,1274
3461,1274
3462,1274
3463,1274
3464,1274
3465,1274
3466,1274
3467,1274
3468,1274
3469,1274
3470,1274
3471,1274
3472,1274
3473,1274
3474,1274
3475,1274
3476,1274
3477,1274
3478,1274
3479,1274
3480,1274
3481,1274
3482,1274
3483,1274
3484,1274
3485,1274
3486,1274
3487,1274
3488,1274
3489,1274
3490,1274
3491,1274
3492,1274
3493,1274
3494,1274
3495,1274
3496,1274
3497,1274
3498,1274
3499,1274
3500,1274
3501,1274
3502,1274
3503,1274
3504,1274
3505,1274
3506,1274
3507,1274
3508,1274
3509,1274
3510,1274
3511,1274
3512,1274
3513,1274
3514,1274
3515,1274
3516,1274
3517,1274
3518,1274
3519,1276
3520,1276
3521,1276
3522,1276
3523,1276
3524,1276
3525,1276
3526,1276
3527,1276
3528,1276
3529,1276
3530,1276
3531,1276
3532,1276
3533,1276
3534,1276
3535,1276
3536,1276
3537,1276
3538,1276
3539,1276
3540,1276
3541,1276
3542,1276
3543,1276
3544,1276
3545,1276
3546,1276
3547,1276
3548,1276
3549,1276
3550,1276
3551,1276
3552,1276
3553,1276
3554,1276
3555,1276
3556,1276
3557,1276
3558,1276
3559,1276
3560,1276
3561,1276
3562,1276
3563,1276
3564,1276
3565,1277
3566,1277
3567,1277
3568,1277
3569,1277
3570,1277
3571,1277
3572,1277
3573,1277
3574,1277
3575,1277
3576,1277
3577,1277
3578,1277
3579,1277
3580,1277
3581,1277
3582,1278
3583,1278
3584,1278
3585,1278
3586,1278
3587,1278
3588,1278
3589,1278
3590,1278
3591,1278
3592,1278
3593,1278
3594,1278
3595,1278
3596,1278
3597,1278
3598,1278
3599,1278
3600,1278
3601,1278
3602,1283
3603,1283
3604,1283
3605,1283
3606,1283
3607,1283
3608,1283
3609,1283
3610,1283
3611,1283
3612,1283
3613,1287
3614,1287
3615,1287
3616,1287
3617,1287
3618,1287
3619,1287
3620,1287
3621,1287
3622,1287
3623,1287
3624,1287
3625,1287
3626,1287
3627,1292
3628,1292
3629,1292
3630,1292
3631,1292
3632,1292
3633,1292
3634,1292
3635,1302
3636,1302
3637,1302
3638,1302
3639,1303
3640,1303
3641,1303
3642,1303
3643,1303
3644,1303
3645,1303
3646,1303
3647,1303
3648,1303
3649,1303
3650,1303
3651,1303
3652,1303
3653,1303
3654,1303
3655,1303
3656,1303
3657,1303
3658,1303
3659,1303
3660,1303
3661,1303
3662,1303
3663,1303
3664,1303
3665,1303
3666,1303
3667,1303
3668,1303
3669,1303
3670,1303
3671,1303
3672,1303
3673,1303
3674,1303
3675,1303
3676,1303
3677,1303
3678,1303
3679,1303
3680,1303
3681,1303
3682,1303
3683,1303
3684,1303
3685,1303
3686,1303
3687,1303
3688,1303
3689,1303
3690,1303
3691,1303
3692,1303
3693,1303
3694,1303
3695,1303
3696,1303
3697,1303
3698,1303
3699,1303
3700,1303
3701,1303
3702,1305
3703,1305
3704,1305
3705,1305
3706,1305
3707,1305
3708,1305
3709,1305
3710,1305
3711,1305
3712,1305
3713,1305
3714,1305
3715,1305
3716,1305
3717,1305
3718,1305
3719,1305
3720,1305
3721,1305
3722,1305
3723,1305
3724,1305
3725,1305
3726,1305
3727,1305
3728,1305
3729,1305
3730,1305
3731,1305
3732,1305
3733,1305
3734,1305
3735,1305
3736,1305
3737,1305
3738,1305
3739,1305
3740,1305
3741,1305
3742,1305
3743,1305
3744,1305
3745,1305
3746,1305
3747,1305
3748,1305
3749,1305
3750,1305
3751,1305
3752,1305
3753,1305
3754,1305
3755,1305
3756,1305
3757,1305
3758,1305
3759,1305
3760,1305
3761,1305
3762,1305
3763,1305
3764,1305
3765,1371
3766,1371
3767,1371
3768,1371
3769,1371
3770,1371
3771,1371
3772,1371
3773,1371
3774,1381
3775,1381
3776,1381
3777,1381
3778,1381
3779,1381
3780,1381
3781,1381
3782,1381
3783,1382
3784,1382
3785,1382
3786,1382
3787,1382
3788,1382
3789,1382
3790,1383
3791,1383
3792,1383
3793,1383
3794,1383
3795,1383
3796,1383
3797,1396
3798,1396
3799,1396
3800,1396
3801,1396
3802,1396
3803,1396
3804,1405
3805,1405
3806,1405
3807,1405
3808,1405
3809,1405
3810,1405
3811,1405
3812,1405
3813,1405
3814,1405
3815,1405
3816,1405
3817,1405
3818,1405
3819,1405
3820,1405
3821,1405
3822,1405
3823,1405
3824,1405
3825,1405
3826,1407
3827,1407
3828,1407
3829,1407
3830,1407
3831,1407
3832,1407
3833,1407
3834,1407
3835,1407
3836,1407
3837,1411
3838,1412
3839,1412
3840,1412
3841,1412
3842,1412
3843,1412
3844,1412
3845,1412
3846,1412
3847,1412
3848,1412
3849,1412
3850,1412
3851,1412
3852,1412
3853,1412
3854,1412
3855,1412
3856,1412
3857,1412
3858,1412
3859,1412
3860,1412
3861,1412
3862,1412
3863,1412
3864,1412
3865,1412
3866,1412
3867,1412
3868,1412
3869,1412
3870,1412
3871,1412
3872,1416
3873,1416
3874,1416
3875,1416
3876,1416
3877,1416
3878,1416
3879,1416
3880,1416
3881,1416
3882,1416
3883,1416
3884,1416
3885,1416
3886,1422
3887,1425
3888,1425
3889,1425
3890,1425
3891,1425
3892,1425
3893,1425
3894,1425
3895,1425
3896,1425
3897,1425
3898,1425
3899,1425
3900,1425
3901,1425
3902,1425
3903,1425
3904,1425
3905,1425
3906,1425
3907,1425
3908,1425
3909,1425
3910,1425
3911,1425
3912,1425
3913,1425
3914,1425
3915,1425
3916,1425
3917,1425
3918,1425
3919,1425
3920,1437
3921,1437
3922,1437
3923,1437
3924,1437
3925,1437
3926,1437
3927,1437
3928,1437
3929,1437
3930,1462
3931,1464
3932,1464
3933,1464
3934,1464
3935,1464
3936,1464
3937,1464
3938,1464
3939,1464
3940,1464
3941,1464
3942,1464
3943,1464
3944,1464
3945,1464
3946,1465
3947,1465
3948,1465
3949,1465
3950,1465
3951,1465
3952,1465
3953,1465
3954,1465
3955,1465
3956,1465
3957,1465
3958,1465
3959,1465
3960,1465
3961,1465
3962,1465
3963,1465
3964,1465
3965,1465
3966,1465
3967,1465
3968,1465
3969,1470
3970,1470
3971,1470
3972,1470
3973,1470
3974,1470
3975,1470
3976,1470
3977,1470
3978,1470
3979,1471
3980,1471
3981,1471
3982,1471
3983,1471
3984,1471
3985,1471
3986,1471
3987,1471
3988,1471
3989,1471
3990,1471
3991,1471
3992,1471
3993,1471
3994,1471
3995,1471
3996,1471
3997,1471
3998,1471
3999,1471
4000,1471
4001,1471
4002,1471
4003,1471
4004,1471
4005,1471
4006,1471
4007,1471
4008,1471
4009,1471
4010,1471
4011,1471
4012,1471
4013,1471
4014,1471
4015,1471
4016,1471
4017,1471
4018,1471
4019,1471
4020,1471
4021,1471
4022,1471
4023,1471
4024,1471
4025,1471
4026,1471
4027,1471
4028,1471
4029,1471
4030,1471
4031,1471
4032,1471
4033,1471
4034,1471
4035,1471
4036,1471
4037,1471
4038,1471
4039,1471
4040,1471
4041,1471
4042,1471
4043,1471
4044,1471
4045,1471
4046,1471
4047,1471
4048,1471
4049,1471
4050,1478
4051,1478
4052,1478
4053,1478
4054,1478
4055,1478
4056,1478
4057,1478
4058,1478
4059,1478
4060,1478
4061,1478
4062,1478
4063,1478
4064,1478
4065,1478
4066,1478
4067,1478
4068,1478
4069,1478
4070,1478
4071,1478
4072,1478
4073,1478
4074,1478
4075,1478
4076,1478
4077,1478
4078,1478
4079,1478
4080,1478
4081,1478
4082,1478
4083,1478
4084,1478
4085,1478
4086,1478
4087,1478
4088,1478
4089,1478
4090,1478
4091,1478
4092,1478
4093,1478
4094,1478
4095,1479
4096,1479
4097,1479
4098,1479
4099,1479
4100,1479
4101,1479
4102,1479
4103,1479
4104,1479
4105,1479
4106,1479
4107,1479
4108,1479
4109,1479
4110,1479
4111,1479
4112,1479
4113,1479
4114,1479
4115,1479
4116,1484
4117,1484
4118,1484
4119,1484
4120,1484
4121,1484
4122,1484
4123,1485
4124,1485
4125,1485
4126,1485
4127,1485
4128,1485
4129,1485
4130,1485
4131,1485
4132,1485
4133,1488
4134,1488
4135,1488
4136,1488
4137,1488
4138,1488
4139,1488
4140,1488
4141,1488
4142,1488
4143,1488
4144,1488
4145,1488
4146,1488
4147,1488
4148,1488
4149,1488
4150,1488
4151,1488
4152,1488
4153,1488
4154,1488
4155,1488
4156,1488
4157,1488
4158,1488
4159,1488
4160,1488
4161,1488
4162,1488
4163,1488
4164,1488
4165,1490
4166,1490
4167,1490
4168,1490
4169,1490
4170,1494
4171,1494
4172,1494
4173,1494
4174,1494
4175,1494
4176,1494
4177,1494
4178,1494
4179,1494
4180,1494
4181,1494
4182,1494
4183,1494
4184,1494
4185,1494
4186,1494
4187,1494
4188,1494
4189,1494
4190,1494
4191,1494
4192,1494
4193,1495
4194,1495
4195,1495
4196,1495
4197,1495
4198,1495
4199,1495
4200,1495
4201,1495
4202,1495
4203,1495
4204,1495
4205,1495
4206,1495
4207,1495
4208,1495
4209,1495
4210,1495
4211,1495
4212,1495
4213,1495
4214,1495
4215,1495
4216,1495
4217,1495
4218,1495
4219,1495
4220,1495
4221,1495
4222,1495
4223,1495
4224,1496
4225,1496
4226,1496
4227,1496
4228,1496
4229,1496
4230,1496
4231,1496
4232,1496
4233,1496
4234,1496
4235,1497
4236,1497
4237,1497
4238,1497
4239,1497
4240,1497
4241,1497
4242,1497
4243,1497
4244,1497
4245,1497
4246,1497
4247,1497
4248,1497
4249,1497
4250,1497
4251,1497
4252,1497
4253,1497
4254,1497
4255,1497
4256,1497
4257,1497
4258,1497
4259,1497
4260,1497
4261,1497
4262,1497
4263,1497
4264,1497
4265,1497
4266,1497
4267,1497
4268,1497
4269,1497
4270,1497
4271,1497
4272,1497
4273,1497
4274,1497
4275,1497
4276,1497
4277,1497
4278,1497
4279,1497
4280,1497
4281,1497
4282,1497
4283,1497
4284,1497
4285,1497
4286,1497
4287,1497
4288,1497
4289,1497
4290,1497
4291,1497
4292,1497
4293,1497
4294,1497
4295,1497
4296,1497
4297,1497
4298,1497
4299,1497
4300,1497
4301,1497
4302,1497
4303,1497
4304,1497
4305,1497
4306,1497
4307,1497
4308,1497
4309,1497
4310,1497
4311,1497
4312,1497
4313,1497
4314,1497
4315,1497
4316,1497
4317,1497
4318,1497
4319,1497
4320,1497
4321,1497
4322,1497
4323,1497
4324,1497
4325,1497
4326,1497
4327,1497
4328,1497
4329,1497
4330,1497
4331,1497
4332,1497
4333,1497
4334,1497
4335,1497
4336,1497
4337,1497
4338,1497
4339,1497
4340,1497
4341,1497
4342,1497
4343,1497
4344,1497
4345,1497
4346,1497
4347,1497
4348,1497
4349,1497
4350,1497
4351,1497
4352,1497
4353,1497
4354,1497
4355,1497
4356,1497
4357,1497
4358,1497
4359,1497
4360,1497
4361,1497
4362,1497
4363,1497
4364,1497
4365,1497
4366,1497
4367,1497
4368,1497
4369,1497
4370,1497
4371,1497
4372,1497
4373,1497
4374,1497
4375,1497
4376,1497
4377,1497
4378,1497
4379,1497
4380,1497
4381,1497
4382,1497
4383,1497
4384,1497
4385,1497
4386,1497
4387,1497
4388,1497
4389,1497
4390,1497
4391,1497
4392,1497
4393,1497
4394,1497
4395,1497
4396,1497
4397,1497
4398,1497
4399,1497
4400,1497
4401,1497
4402,1497
4403,1497
4404,1497
4405,1497
4406,1497
4407,1497
4408,1497
4409,1497
4410,1497
4411,1497
4412,1497
4413,1497
4414,1497
4415,1497
4416,1497
4417,1497
4418,1497
4419,1497
4420,1497
4421,1497
4422,1497
4423,1497
4424,1501
4425,1501
4426,1501
4427,1501
4428,1501
4429,1501
4430,1501
4431,1501
4432,1501
4433,1501
4434,1501
4435,1501
4436,1501
4437,1501
4438,1501
4439,1501
4440,1501
4441,1501
4442,1501
4443,1501
4444,1501
4445,1501
4446,1501
4447,1501
4448,1501
4449,1501
4450,1501
4451,1501
4452,1501
4453,1501
4454,1501
4455,1501
4456,1501
4457,1501
4458,1501
4459,1501
4460,1501
4461,1501
4462,1501
4463,1501
4464,1501
4465,1501
4466,1501
4467,1501
4468,1501
4469,1501
4470,1501
4471,1501
4472,1501
4473,1501
4474,1501
4475,1501
4476,1501
4477,1501
4478,1503
4479,1503
4480,1503
4481,1503
4482,1503
4483,1503
4484,1503
4485,1503
4486,1503
4487,1503
4488,1503
4489,1503
4490,1503
4491,1503
4492,1503
4493,1503
4494,1503
4495,1503
4496,1503
4497,1503
4498,1503
4499,1503
4500,1503
4501,1503
4502,1503
4503,1503
4504,1503
4505,1503
4506,1503
4507,1503
4508,1503
4509,1503
4510,1503
4511,1503
4512,1503
4513,1503
4514,1503
4515,1503
4516,1503
4517,1503
4518,1503
4519,1503
4520,1503
4521,1503
4522,1503
4523,1503
4524,1503
4525,1503
4526,1503
4527,1503
4528,1503
4529,1503
4530,1503
4531,1503
4532,1503
4533,1503
4534,1503
4535,1503
4536,1503
4537,1503
4538,1503
4539,1503
4540,1503
4541,1503
4542,1503
4543,1503
4544,1503
4545,1503
4546,1503
4547,1503
4548,1503
4549,1503
4550,1503
4551,1503
4552,1503
4553,1503
4554,1503
4555,1503
4556,1503
4557,1503
4558,1503
4559,1503
4560,1503
4561,1503
4562,1503
4563,1523
4564,1523
4565,1523
4566,1523
4567,1523
4568,1523
4569,1523
4570,1523
4571,1523
4572,1523
4573,1523
4574,1523
4575,1523
4576,1523
4577,1523
4578,1523
4579,1523
4580,1523
4581,1523
4582,1523
4583,1523
4584,1523
4585,1523
4586,1523
4587,1523
4588,1523
4589,1523
4590,1523
4591,1523
4592,1523
4593,1523
4594,1523
4595,1523
4596,1523
4597,1523
4598,1523
4599,1523
4600,1523
4601,1523
4602,1523
4603,1523
4604,1523
4605,1523
4606,1523
4607,1523
4608,1523
4609,1523
4610,1523
4611,1523
4612,1523
4613,1523
4614,1523
4615,1523
4616,1523
4617,1523
4618,1523
4619,1523
4620,1523
4621,1523
4622,1523
4623,1523
4624,1523
4625,1523
4626,1523
4627,1523
4628,1523
4629,1523
4630,1523
4631,1523
4632,1523
4633,1523
4634,1523
4635,1523
4636,1523
4637,1523
4638,1523
4639,1523
4640,1523
4641,1523
4642,1523
4643,1523
4644,1523
4645,1523
4646,1523
4647,1523
4648,1523
4649,1523
4650,1523
4651,1523
4652,1523
4653,1523
4654,1523
4655,1523
4656,1523
4657,1523
4658,1523
4659,1523
4660,1523
4661,1523
4662,1523
4663,1523
4664,1523
4665,1523
4666,1523
4667,1523
4668,1523
4669,1523
4670,1523
4671,1523
4672,1523
4673,1523
4674,1523
4675,1523
4676,1523
4677,1523
4678,1523
4679,1523
4680,1523
4681,1523
4682,1523
4683,1523
4684,1523
4685,1523
4686,1523
4687,1523
4688,1528
4689,1528
4690,1528
4691,1528
4692,1528
4693,1528
4694,1528
4695,1528
4696,1528
4697,1528
4698,1528
4699,1528
4700,1528
4701,1528
4702,1528
4703,1528
4704,1528
4705,1528
4706,1528
4707,1528
4708,1528
4709,1528
4710,1528
4711,1528
4712,1528
4713,1528
4714,1528
4715,1528
4716,1528
4717,1528
4718,1528
4719,1528
4720,1528
4721,1528
4722,1528
4723,1528
4724,1528
4725,1528
4726,1528
4727,1528
4728,1528
4729,1528
4730,1528
4731,1528
4732,1528
4733,1528
4734,1528
4735,1528
4736,1528
4737,1528
4738,1528
4739,1528
4740,1528
4741,1528
4742,1528
4743,1528
4744,1528
4745,1528
4746,1528
4747,1528
4748,1528
4749,1528
4750,1528
4751,1528
4752,1528
4753,1528
4754,1528
4755,1528
4756,1528
4757,1528
4758,1528
4759,1528
4760,1528
4761,1528
4762,1528
4763,1528
4764,1528
4765,1528
4766,1528
4767,1528
4768,1528
4769,1528
4770,1528
4771,1528
4772,1528
4773,1528
4774,1528
4775,1528
4776,1528
4777,1528
4778,1528
4779,1529
4780,1529
4781,1529
4782,1529
4783,1529
4784,1529
4785,1529
4786,1529
4787,1529
4788,1529
4789,1529
4790,1530
4791,1530
4792,1530
4793,1530
4794,1530
4795,1530
4796,1530
4797,1530
4798,1530
4799,1530
4800,1530
4801,1530
4802,1530
4803,1532
4804,1532
4805,1532
4806,1532
4807,1532
4808,1532
4809,1532
4810,1532
4811,1532
4812,1532
4813,1532
4814,1532
4815,1532
4816,1532
4817,1532
4818,1532
4819,1532
4820,1532
4821,1532
4822,1532
4823,1532
4824,1532
4825,1532
4826,1532
4827,1532
4828,1532
4829,1532
4830,1532
4831,1532
4832,1532
4833,1532
4834,1532
4835,1532
4836,1532
4837,1532
4838,1532
4839,1532
4840,1532
4841,1532
4842,1532
4843,1532
4844,1532
4845,1532
4846,1532
4847,1532
4848,1532
4849,1532
4850,1533
4851,1533
4852,1533
4853,1533
4854,1533
4855,1533
4856,1533
4857,1544
4858,1544
4859,1544
4860,1544
4861,1544
4862,1544
4863,1544
4864,1544
4865,1544
4866,1544
4867,1544
4868,1544
4869,1544
4870,1544
4871,1544
4872,1544
4873,1544
4874,1544
4875,1544
4876,1544
4877,1544
4878,1544
4879,1544
4880,1544
4881,1544
4882,1544
4883,1544
4884,1544
4885,1544
4886,1544
4887,1544
4888,1544
4889,1544
4890,1544
4891,1544
4892,1544
4893,1544
4894,1544
4895,1544
4896,1544
4897,1544
4898,1544
4899,1544
4900,1544
4901,1544
4902,1544
4903,1544
4904,1544
4905,1544
4906,1544
4907,1544
4908,1544
4909,1544
4910,1553
4911,1553
4912,1553
4913,1553
4914,1553
4915,1553
4916,1553
4917,1553
4918,1553
4919,1553
4920,1553
4921,1553
4922,1553
4923,1553
4924,1556
4925,1556
4926,1556
4927,1556
4928,1556
4929,1556
4930,1556
4931,1556
4932,1556
4933,1556
4934,1556
4935,1556
4936,1556
4937,1556
4938,1556
4939,1556
4940,1556
4941,1556
4942,1556
4943,1556
4944,1556
4945,1556
4946,1556
4947,1556
4948,1560
4949,1560
4950,1564
4951,1564
4952,1572
4953,1572
4954,1572
4955,1572
4956,1572
4957,1572
4958,1572
4959,1572
4960,1572
4961,1572
4962,1572
4963,1572
4964,1572
4965,1572
4966,1572
4967,1572
4968,1572
4969,1572
4970,1572
4971,1575
4972,1575
4973,1575
4974,1575
4975,1575
4976,1575
4977,1575
4978,1575
4979,1575
4980,1575
4981,1575
4982,1575
4983,1575
4984,1575
4985,1575
4986,1575
4987,1575
4988,1575
4989,1575
4990,1575
4991,1575
4992,1575
4993,1575
4994,1575
4995,1575
4996,1575
4997,1575
4998,1575
4999,1575
5000,1575
5001,1575
5002,1575
5003,1575
5004,1575
5005,1575
5006,1575
5007,1575
5008,1575
5009,1575
5010,1575
5011,1575
5012,1575
5013,1575
5014,1575
5015,1575
5016,1575
5017,1575
5018,1575
5019,1575
5020,1575
5021,1575
5022,1575
5023,1575
5024,1575
5025,1575
5026,1575
5027,1575
5028,1575
5029,1575
5030,1575
5031,1575
5032,1575
5033,1575
5034,1575
5035,1575
5036,1575
5037,1575
5038,1575
5039,1575
5040,1575
5041,1575
5042,1575
5043,1575
5044,1575
5045,1575
5046,1590
5047,1590
5048,1590
5049,1590
5050,1590
5051,1590
5052,1590
5053,1590
5054,1590
5055,1590
5056,1590
5057,1590
5058,1590
5059,1590
5060,1590
5061,1590
5062,1590
5063,1590
5064,1590
5065,1590
5066,1590
5067,1590
5068,1590
5069,1590
5070,1590
5071,1590
5072,1590
5073,1590
5074,1590
5075,1590
5076,1590
5077,1590
5078,1590
5079,1590
5080,1590
5081,1590
5082,1590
5083,1609
5084,1609
5085,1609
5086,1609
5087,1609
5088,1609
5089,1609
5090,1609
5091,1609
5092,1609
5093,1609
5094,1609
5095,1609
5096,1610
5097,1610
5098,1610
5099,1610
5100,1610
5101,1610
5102,1610
5103,1610
5104,1610
5105,1610
5106,1610
5107,1610
5108,1610
5109,1610
5110,1610
5111,1610
5112,1610
5113,1610
5114,1610
5115,1610
5116,1610
5117,1610
5118,1610
5119,1610
5120,1610
5121,1610
5122,1610
5123,1610
5124,1610
5125,1610
5126,1610
5127,1610
5128,1610
5129,1610
5130,1610
5131,1610
5132,1610
5133,1610
5134,1610
5135,1610
5136,1610
5137,1610
5138,1610
5139,1610
5140,1610
5141,1610
5142,1610
5143,1610
5144,1610
5145,1610
5146,1610
5147,1610
5148,1610
5149,1610
5150,1610
5151,1610
5152,1610
5153,1610
5154,1610
5155,1610
5156,1610
5157,1610
5158,1610
5159,1610
5160,1610
5161,1610
5162,1610
5163,1610
5164,1610
5165,1610
5166,1610
5167,1610
5168,1610
5169,1610
5170,1610
5171,1610
5172,1610
5173,1610
5174,1610
5175,1610
5176,1610
5177,1610
5178,1610
5179,1610
5180,1610
5181,1610
5182,1610
5183,1610
5184,1610
5185,1610
5186,1610
5187,1610
5188,1610
5189,1610
5190,1610
5191,1610
5192,1610
5193,1610
5194,1610
5195,1610
5196,1610
5197,1610
5198,1610
5199,1610
5200,1610
5201,1610
5202,1610
5203,1610
5204,1610
5205,1610
5206,1610
5207,1610
5208,1610
5209,1610
5210,1610
5211,1610
5212,1610
5213,1610
5214,1610
5215,1610
5216,1610
5217,1610
5218,1610
5219,1610
5220,1610
5221,1610
5222,1610
5223,1610
5224,1610
5225,1610
5226,1610
5227,1610
5228,1610
5229,1610
5230,1610
5231,1610
5232,1610
5233,1610
5234,1610
5235,1610
5236,1610
5237,1610
5238,1610
5239,1610
5240,1612
5241,1612
5242,1612
5243,1618
5244,1618
5245,1618
5246,1618
5247,1618
5248,1618
5249,1618
5250,1618
5251,1618
5252,1618
5253,1618
5254,1618
5255,1618
5256,1618
5257,1625
5258,1625
5259,1625
5260,1625
5261,1625
5262,1625
5263,1625
5264,1625
5265,1625
5266,1625
5267,1625
5268,1625
5269,1625
5270,1625
5271,1625
5272,1625
5273,1625
5274,1625
5275,1625
5276,1625
5277,1625
5278,1625
5279,1631
5280,1631
5281,1631
5282,1631
5283,1631
5284,1631
5285,1631
5286,1631
5287,1631
5288,1631
5289,1631
5290,1631
5291,1631
5292,1631
5293,1631
5294,1631
5295,1631
5296,1631
5297,1631
5298,1631
5299,1631
5300,1631
5301,1631
5302,1631
5303,1631
5304,1631
5305,1631
5306,1631
5307,1631
5308,1631
5309,1631
5310,1631
5311,1631
5312,1634
5313,1634
5314,1634
5315,1634
5316,1634
5317,1634
5318,1634
5319,1634
5320,1634
5321,1634
5322,1634
5323,1634
5324,1642
5325,1642
5326,1642
5327,1642
5328,1642
5329,1642
5330,1642
5331,1642
5332,1642
5333,1642
5334,1642
5335,1642
5336,1642
5337,1642
5338,1642
5339,1642
5340,1642
5341,1642
5342,1642
5343,1642
5344,1642
5345,1642
5346,1642
5347,1642
5348,1642
5349,1642
5350,1642
5351,1642
5352,1642
5353,1642
5354,1642
5355,1642
5356,1642
5357,1642
5358,1642
5359,1642
5360,1642
5361,1642
5362,1642
5363,1642
5364,1642
5365,1643
5366,1643
5367,1643
5368,1643
5369,1643
5370,1643
5371,1643
5372,1643
5373,1643
5374,1643
5375,1643
5376,1643
5377,1643
5378,1643
5379,1643
5380,1643
5381,1643
5382,1643
5383,1643
5384,1643
5385,1643
5386,1643
5387,1643
5388,1645
5389,1645
5390,1645
5391,1645
5392,1645
5393,1645
5394,1645
5395,1645
5396,1645
5397,1645
5398,1645
5399,1645
5400,1645
5401,1645
5402,1645
5403,1645
5404,1645
5405,1645
5406,1645
5407,1645
5408,1645
5409,1645
5410,1645
5411,1645
5412,1645
5413,1645
5414,1645
5415,1645
5416,1645
5417,1645
5418,1655
5419,1655
5420,1655
5421,1655
5422,1655
5423,1655
5424,1655
5425,1655
5426,1655
5427,1655
5428,1655
5429,1655
5430,1655
5431,1655
5432,1655
5433,1655
5434,1655
5435,1655
5436,1655
5437,1655
5438,1655
5439,1655
5440,1655
5441,1655
5442,1655
5443,1655
5444,1655
5445,1655
5446,1657
5447,1657
5448,1657
5449,1657
5450,1657
5451,1657
5452,1657
5453,1657
5454,1657
5455,1657
5456,1657
5457,1657
5458,1657
5459,1657
5460,1657
5461,1657
5462,1657
5463,1657
5464,1657
5465,1657
5466,1657
5467,1657
5468,1657
5469,1657
5470,1657
5471,1657
5472,1657
5473,1657
5474,1657
5475,1657
5476,1657
5477,1657
5478,1657
5479,1657
5480,1657
5481,1657
5482,1657
5483,1657
5484,1657
5485,1657
5486,1657
5487,1657
5488,1657
5489,1657
5490,1657
5491,1657
5492,1657
5493,1657
5494,1657
5495,1657
5496,1661
5497,1661
5498,1661
5499,1661
5500,1661
5501,1661
5502,1661
5503,1661
5504,1661
5505,1661
5506,1661
5507,1661
5508,1661
5509,1661
5510,1661
5511,1661
5512,1661
5513,1661
5514,1661
5515,1661
5516,1661
5517,1661
5518,1661
5519,1661
5520,1661
5521,1661
5522,1661
5523,1661
5524,1662
5525,1662
5526,1673
5527,1673
5528,1673
5529,1673
5530,1673
5531,1673
5532,1673
5533,1673
5534,1673
5535,1673
5536,1673
5537,1673
5538,1673
5539,1673
5540,1673
5541,1673
5542,1673
5543,1673
5544,1673
5545,1673
5546,1673
5547,1673
5548,1673
5549,1673
5550,1673
5551,1673
5552,1673
5553,1673
5554,1673
5555,1673
5556,1673
5557,1673
5558,1673
5559,1673
5560,1673
5561,1673
5562,1673
5563,1673
5564,1673
5565,1673
5566,1673
5567,1673
5568,1673
5569,1673
5570,1673
5571,1673
5572,1673
5573,1673
5574,1673
5575,1673
5576,1673
5577,1673
5578,1673
5579,1673
5580,1673
5581,1673
5582,1673
5583,1673
5584,1673
5585,1673
5586,1673
5587,1673
5588,1673
5589,1693
5590,1693
5591,1693
5592,1693
5593,1693
5594,1693
5595,1693
5596,1693
5597,1693
5598,1693
5599,1693
5600,1693
5601,1693
5602,1693
5603,1693
5604,1693
5605,1693
5606,1693
5607,1693
5608,1693
5609,1693
5610,1693
5611,1693
5612,1693
5613,1693
5614,1693
5615,1693
5616,1693
5617,1693
5618,1693
5619,1693
5620,1693
5621,1693
5622,1693
5623,1693
5624,1693
5625,1693
5626,1693
5627,1693
5628,1693
5629,1698
5630,1698
5631,1698
5632,1698
5633,1698
5634,1698
5635,1698
5636,1698
5637,1698
5638,1698
5639,1698
5640,1698
5641,1698
5642,1698
5643,1698
5644,1698
5645,1698
5646,1698
5647,1698
5648,1698
5649,1698
5650,1698
5651,1698
5652,1698
5653,1698
5654,1698
5655,1698
5656,1698
5657,1698
5658,1698
5659,1698
5660,1698
5661,1698
5662,1698
5663,1698
5664,1698
5665,1698
5666,1698
5667,1698
5668,1698
5669,1698
5670,1698
5671,1698
5672,1698
5673,1698
5674,1698
5675,1698
5676,1698
5677,1698
5678,1698
5679,1698
5680,1698
5681,1698
5682,1698
5683,1698
5684,1701
5685,1701
5686,1701
5687,1701
5688,1701
5689,1701
5690,1701
5691,1701
5692,1701
5693,1701
5694,1701
5695,1705
5696,1705
5697,1705
5698,1705
5699,1705
5700,1705
5701,1705
5702,1705
5703,1705
5704,1705
5705,1705
5706,1705
5707,1705
5708,1705
5709,1705
5710,1705
5711,1705
5712,1705
5713,1705
5714,1705
5715,1705
5716,1705
5717,1705
5718,1705
5719,1705
5720,1705
5721,1705
5722,1705
5723,1705
5724,1705
5725,1706
5726,1706
5727,1706
5728,1706
5729,1708
5730,1708
5731,1708
5732,1708
5733,1708
5734,1708
5735,1708
5736,1708
5737,1708
5738,1708
5739,1708
5740,1708
5741,1708
5742,1708
5743,1708
5744,1708
5745,1708
5746,1708
5747,1708
5748,1708
5749,1708
5750,1708
5751,1708
5752,1708
5753,1708
5754,1708
5755,1708
5756,1708
5757,1708
5758,1708
5759,1708
5760,1708
5761,1708
5762,1708
5763,1708
5764,1708
5765,1708
5766,1708
5767,1708
5768,1708
5769,1712
5770,1712
5771,1712
5772,1713
5773,1713
5774,1713
5775,1713
5776,1713
5777,1713
5778,1713
5779,1713
5780,1713
5781,1713
5782,1713
5783,1713
5784,1713
5785,1713
5786,1713
5787,1713
5788,1713
5789,1713
5790,1713
5791,1713
5792,1713
5793,1713
5794,1713
5795,1713
5796,1713
5797,1713
5798,1713
5799,1716
5800,1716
5801,1716
5802,1716
5803,1716
5804,1716
5805,1716
5806,1716
5807,1716
5808,1716
5809,1716
5810,1716
5811,1716
5812,1716
5813,1716
5814,1716
5815,1716
5816,1716
5817,1716
5818,1716
5819,1716
5820,1716
5821,1716
5822,1716
5823,1716
5824,1716
5825,1716
5826,1716
5827,1716
5828,1716
5829,1716
5830,1716
5831,1717
5832,1717
5833,1717
5834,1717
5835,1717
5836,1719
5837,1719
5838,1719
5839,1719
5840,1719
5841,1719
5842,1719
5843,1719
5844,1719
5845,1719
5846,1719
5847,1719
5848,1719
5849,1719
5850,1719
5851,1719
5852,1719
5853,1719
5854,1719
5855,1719
5856,1719
5857,1719
5858,1719
5859,1719
5860,1719
5861,1719
5862,1719
5863,1719
5864,1719
5865,1719
5866,1719
5867,1719
5868,1719
5869,1719
5870,1719
5871,1719
5872,1719
5873,1719
5874,1719
5875,1719
5876,1719
5877,1719
5878,1719
5879,1719
5880,1719
5881,1719
5882,1719
5883,1719
5884,1719
5885,1719
5886,1719
5887,1719
5888,1719
5889,1719
5890,1719
5891,1719
5892,1719
5893,1719
5894,1719
5895,1719
5896,1719
5897,1719
5898,1719
5899,1719
5900,1719
5901,1720
5902,1721
5903,1721
5904,1721
5905,1721
5906,1721
5907,1721
5908,1721
5909,1721
5910,1721
5911,1721
5912,1721
5913,1721
5914,1721
5915,1721
5916,1721
5917,1721
5918,1721
5919,1722
5920,1722
5921,1722
5922,1722
5923,1722
5924,1722
5925,1722
5926,1722
5927,1722
5928,1722
5929,1722
5930,1722
5931,1722
5932,1722
5933,1722
5934,1722
5935,1722
5936,1722
5937,1722
5938,1722
5939,1722
5940,1722
5941,1722
5942,1722
5943,1722
5944,1722
5945,1722
5946,1722
5947,1722
5948,1722
5949,1722
5950,1722
5951,1722
5952,1722
5953,1725
5954,1725
5955,1725
5956,1725
5957,1725
5958,1725
5959,1725
5960,1725
5961,1725
5962,1725
5963,1725
5964,1725
5965,1725
5966,1725
5967,1725
5968,1725
5969,1725
5970,1725
5971,1725
5972,1725
5973,1725
5974,1725
5975,1725
5976,1725
5977,1725
5978,1725
5979,1725
5980,1725
5981,1725
5982,1725
5983,1725
5984,1725
5985,1725
5986,1725
5987,1725
5988,1725
5989,1725
5990,1725
5991,1725
5992,1725
5993,1725
5994,1725
5995,1725
5996,1725
5997,1725
5998,1725
5999,1725
6000,1725
6001,1725
6002,1725
6003,1725
6004,1725
6005,1725
6006,1725
6007,1725
6008,1725
6009,1730
6010,1730
6011,1730
6012,1730
6013,1730
6014,1730
6015,1730
6016,1730
6017,1730
6018,1730
6019,1730
6020,1730
6021,1730
6022,1730
6023,1730
6024,1730
6025,1730
6026,1730
6027,1730
6028,1730
6029,1730
6030,1730
6031,1730
6032,1730
6033,1732
6034,1739
6035,1739
6036,1739
6037,1739
6038,1739
6039,1739
6040,1739
6041,1739
6042,1739
6043,1739
6044,1739
6045,1739
6046,1739
6047,1739
6048,1739
6049,1739
6050,1739
6051,1739
6052,1739
6053,1739
6054,1739
6055,1739
6056,1739
6057,1739
6058,1739
6059,1739
6060,1739
6061,1739
6062,1741
6063,1741
6064,1741
6065,1741
6066,1741
6067,1741
6068,1741
6069,1741
6070,1741
6071,1741
6072,1741
6073,1741
6074,1741
6075,1741
6076,1741
6077,1741
6078,1741
6079,1741
6080,1741
6081,1741
6082,1741
6083,1741
6084,1741
6085,1741
6086,1741
6087,1741
6088,1741
6089,1741
6090,1741
6091,1744
6092,1744
6093,1744
6094,1744
6095,1744
6096,1744
6097,1744
6098,1744
6099,1744
6100,1744
6101,1744
6102,1744
6103,1744
6104,1744
6105,1744
6106,1744
6107,1744
6108,1744
6109,1744
6110,1744
6111,1744
6112,1744
6113,1744
6114,1744
6115,1744
6116,1744
6117,1744
6118,1744
6119,1744
6120,1744
6121,1744
6122,1744
6123,1744
6124,1744
6125,1744
6126,1744
6127,1744
6128,1744
6129,1744
6130,1744
6131,1744
6132,1744
6133,1744
6134,1744
6135,1744
6136,1744
6137,1744
6138,1744
6139,1744
6140,1744
6141,1744
6142,1744
6143,1744
6144,1744
6145,1744
6146,1744
6147,1744
6148,1744
6149,1744
6150,1744
6151,1744
6152,1744
6153,1744
6154,1744
6155,1744
6156,1744
6157,1744
6158,1744
6159,1744
6160,1744
6161,1744
6162,1744
6163,1744
6164,1744
6165,1744
6166,1744
6167,1744
6168,1749
6169,1749
6170,1749
6171,1749
6172,1749
6173,1749
6174,1749
6175,1749
6176,1749
6177,1749
6178,1749
6179,1749
6180,1749
6181,1749
6182,1749
6183,1749
6184,1749
6185,1749
6186,1749
6187,1749
6188,1749
6189,1749
6190,1749
6191,1749
6192,1749
6193,1749
6194,1749
6195,1749
6196,1749
6197,1749
6198,1749
6199,1749
6200,1749
6201,1749
6202,1749
6203,1749
6204,1749
6205,1749
6206,1749
6207,1749
6208,1749
6209,1749
6210,1749
6211,1749
6212,1749
6213,1749
6214,1749
6215,1749
6216,1749
6217,1749
6218,1749
6219,1749
6220,1749
6221,1749
6222,1749
6223,1749
6224,1749
6225,1749
6226,1749
6227,1749
6228,1749
6229,1749
6230,1749
6231,1749
6232,1749
6233,1749
6234,1749
6235,1749
6236,1749
6237,1749
6238,1749
6239,1749
6240,1749
6241,1749
6242,1749
6243,1749
6244,1749
6245,1749
6246,1749
6247,1749
6248,1749
6249,1749
6250,1749
6251,1749
6252,1749
6253,1749
6254,1749
6255,1749
6256,1749
6257,1749
6258,1749
6259,1749
6260,1749
6261,1749
6262,1749
6263,1749
6264,1749
6265,1749
6266,1749
6267,1749
6268,1749
6269,1749
6270,1749
6271,1749
6272,1749
6273,1749
6274,1749
6275,1749
6276,1749
6277,1749
6278,1749
6279,1749
6280,1749
6281,1749
6282,1749
6283,1749
6284,1749
6285,1749
6286,1749
6287,1749
6288,1749
6289,1749
6290,1749
6291,1749
6292,1749
6293,1755
6294,1755
6295,1755
6296,1755
6297,1755
6298,1755
6299,1755
6300,1755
6301,1755
6302,1755
6303,1755
6304,1755
6305,1755
6306,1755
6307,1755
6308,1755
6309,1755
6310,1755
6311,1755
6312,1755
6313,1755
6314,1757
6315,1757
6316,1757
6317,1757
6318,1757
6319,1757
6320,1757
6321,1757
6322,1757
6323,1757
6324,1757
6325,1757
6326,1757
6327,1757
6328,1757
6329,1757
6330,1757
6331,1757
6332,1757
6333,1757
6334,1757
6335,1757
6336,1757
6337,1757
6338,1757
6339,1757
6340,1757
6341,1757
6342,1757
6343,1757
6344,1757
6345,1757
6346,1757
6347,1757
6348,1757
6349,1772
6350,1772
6351,1772
6352,1772
6353,1772
6354,1772
6355,1772
6356,1772
6357,1772
6358,1772
6359,1772
6360,1772
6361,1772
6362,1772
6363,1772
6364,1772
6365,1772
6366,1772
6367,1772
6368,1772
6369,1772
6370,1772
6371,1772
6372,1772
6373,1772
6374,1772
6375,1772
6376,1772
6377,1772
6378,1772
6379,1772
6380,1772
6381,1772
6382,1776
6383,1776
6384,1776
6385,1776
6386,1776
6387,1776
6388,1776
6389,1776
6390,1776
6391,1776
6392,1776
6393,1776
6394,1776
6395,1776
6396,1776
6397,1776
6398,1776
6399,1776
6400,1776
6401,1776
6402,1776
6403,1776
6404,1776
6405,1776
6406,1776
6407,1776
6408,1776
6409,1776
6410,1776
6411,1776
6412,1776
6413,1776
6414,1776
6415,1776
6416,1776
6417,1776
6418,1776
6419,1776
6420,1779
6421,1779
6422,1779
6423,1779
6424,1779
6425,1779
6426,1779
6427,1779
6428,1779
6429,1779
6430,1779
6431,1779
6432,1779
6433,1779
6434,1779
6435,1779
6436,1779
6437,1779
6438,1779
6439,1779
6440,1779
6441,1779
6442,1779
6443,1779
6444,1779
6445,1779
6446,1779
6447,1779
6448,1779
6449,1779
6450,1779
6451,1779
6452,1779
6453,1779
6454,1779
6455,1779
6456,1779
6457,1779
6458,1779
6459,1779
6460,1779
6461,1779
6462,1779
6463,1779
6464,1779
6465,1779
6466,1779
6467,1779
6468,1779
6469,1779
6470,1779
6471,1779
6472,1779
6473,1783
6474,1783
6475,1783
6476,1783
6477,1783
6478,1783
6479,1783
6480,1783
6481,1783
6482,1783
6483,1783
6484,1783
6485,1783
6486,1783
6487,1783
6488,1783
6489,1783
6490,1783
6491,1783
6492,1783
6493,1783
6494,1783
6495,1783
6496,1783
6497,1783
6498,1783
6499,1783
6500,1783
6501,1783
6502,1783
6503,1783
6504,1783
6505,1783
6506,1783
6507,1783
6508,1783
6509,1783
6510,1783
6511,1783
6512,1783
6513,1783
6514,1783
6515,1783
6516,1783
6517,1783
6518,1783
6519,1783
6520,1783
6521,1783
6522,1783
6523,1783
6524,1783
6525,1783
6526,1783
6527,1783
6528,1783
6529,1783
6530,1783
6531,1783
6532,1783
6533,1783
6534,1783
6535,1783
6536,1783
6537,1783
6538,1783
6539,1783
6540,1783
6541,1783
6542,1783
6543,1783
6544,1783
6545,1783
6546,1783
6547,1783
6548,1783
6549,1783
6550,1783
6551,1783
6552,1783
6553,1783
6554,1783
6555,1783
6556,1783
6557,1783
6558,1783
6559,1783
6560,1783
6561,1783
6562,1783
6563,1783
6564,1783
6565,1783
6566,1783
6567,1791
6568,1791
6569,1791
6570,1791
6571,1791
6572,1791
6573,1791
6574,1791
6575,1791
6576,1791
6577,1791
6578,1791
6579,1791
6580,1791
6581,1791
6582,1807
6583,1807
6584,1807
6585,1807
6586,1807
6587,1807
6588,1807
6589,1807
6590,1807
6591,1807
6592,1807
6593,1807
6594,1807
6595,1807
6596,1807
6597,1807
6598,1807
6599,1807
6600,1807
6601,1807
6602,1807
6603,1807
6604,1807
6605,1807
6606,1807
6607,1807
6608,1807
6609,1807
6610,1807
6611,1807
6612,1807
6613,1807
6614,1807
6615,1807
6616,1807
6617,1807
6618,1807
6619,1807
6620,1807
6621,1807
6622,1807
6623,1807
6624,1807
6625,1807
6626,1807
6627,1807
6628,1807
6629,1807
6630,1807
6631,1807
6632,1807
6633,1807
6634,1812
6635,1812
6636,1812
6637,1812
6638,1812
6639,1812
6640,1812
6641,1812
6642,1812
6643,1812
6644,1812
6645,1812
6646,1812
6647,1812
6648,1812
6649,1812
6650,1812
6651,1812
6652,1812
6653,1812
6654,1812
6655,1812
6656,1812
6657,1812
6658,1812
6659,1812
6660,1812
6661,1812
6662,1812
6663,1812
6664,1812
6665,1812
6666,1812
6667,1812
6668,1812
6669,1812
6670,1812
6671,1812
6672,1812
6673,1812
6674,1812
6675,1812
6676,1812
6677,1812
6678,1812
6679,1812
6680,1812
6681,1812
6682,1812
6683,1812
6684,1815
6685,1815
6686,1815
6687,1815
6688,1815
6689,1815
6690,1815
6691,1815
6692,1815
6693,1815
6694,1815
6695,1815
6696,1815
6697,1815
6698,1815
6699,1815
6700,1815
6701,1815
6702,1815
6703,1815
6704,1815
6705,1815
6706,1815
6707,1815
6708,1815
6709,1815
6710,1815
6711,1815
6712,1815
6713,1815
6714,1815
6715,1815
6716,1815
6717,1815
6718,1815
6719,1815
6720,1815
6721,1815
6722,1815
6723,1815
6724,1815
6725,1815
6726,1815
6727,1815
6728,1815
6729,1815
6730,1815
6731,1815
6732,1815
6733,1815
6734,1815
6735,1815
6736,1815
6737,1815
6738,1815
6739,1815
6740,1815
6741,1815
6742,1815
6743,1815
6744,1815
6745,1815
6746,1815
6747,1815
6748,1815
6749,1815
6750,1815
6751,1815
6752,1815
6753,1815
6754,1815
6755,1815
6756,1815
6757,1815
6758,1815
6759,1815
6760,1815
6761,1815
6762,1815
6763,1815
6764,1815
6765,1815
6766,1815
6767,1815
6768,1815
6769,1815
6770,1815
6771,1815
6772,1815
6773,1815
6774,1815
6775,1815
6776,1815
6777,1815
6778,1815
6779,1815
6780,1815
6781,1815
6782,1815
6783,1815
6784,1815
6785,1815
6786,1815
6787,1815
6788,1815
6789,1815
6790,1815
6791,1815
6792,1815
6793,1815
6794,1815
6795,1815
6796,1815
6797,1815
6798,1815
6799,1823
6800,1823
6801,1823
6802,1823
6803,1823
6804,1823
6805,1823
6806,1823
6807,1823
6808,1823
6809,1823
6810,1823
6811,1823
6812,1823
6813,1823
6814,1823
6815,1823
6816,1823
6817,1823
6818,1823
6819,1823
6820,1823
6821,1823
6822,1823
6823,1823
6824,1823
6825,1825
6826,1825
6827,1825
6828,1825
6829,1825
6830,1825
6831,1825
6832,1825
6833,1825
6834,1825
6835,1825
6836,1825
6837,1825
6838,1825
6839,1825
6840,1825
6841,1825
6842,1825
6843,1827
6844,1827
6845,1827
6846,1827
6847,1827
6848,1827
6849,1827
6850,1827
6851,1827
6852,1827
6853,1827
6854,1827
6855,1827
6856,1827
6857,1827
6858,1827
6859,1827
6860,1827
6861,1827
6862,1827
6863,1827
6864,1827
6865,1827
6866,1827
6867,1827
6868,1827
6869,1827
6870,1827
6871,1827
6872,1827
6873,1827
6874,1827
6875,1827
6876,1827
6877,1827
6878,1827
6879,1827
6880,1827
6881,1839
6882,1839
6883,1839
6884,1839
6885,1839
6886,1839
6887,1839
6888,1839
6889,1839
6890,1839
6891,1839
6892,1839
6893,1839
6894,1839
6895,1839
6896,1839
6897,1839
6898,1839
6899,1839
6900,1839
6901,1839
6902,1839
6903,1839
6904,1839
6905,1839
6906,1839
6907,1839
6908,1839
6909,1842
6910,1842
6911,1842
6912,1842
6913,1842
6914,1842
6915,1842
6916,1842
6917,1842
6918,1842
6919,1842
6920,1864
6921,1864
6922,1864
6923,1864
6924,1864
6925,1864
6926,1864
6927,1864
6928,1864
6929,1864
6930,1864
6931,1864
6932,1864
6933,1864
6934,1864
6935,1864
6936,1864
6937,1921
6938,1921
6939,1921
6940,1921
6941,1921
6942,1921
6943,1921
6944,1921
6945,1921
6946,1921
6947,1921
6948,1921
6949,1921
6950,1921
6951,1921
6952,1921
6953,1921
6954,1921
6955,1921
6956,1921
6957,1921
6958,1921
6959,1921
6960,1921
6961,1921
6962,1921
6963,1921
6964,1921
6965,1921
6966,1921
6967,1921
6968,1921
6969,1921
6970,1921
6971,1921
6972,1921
6973,1921
6974,1921
6975,1921
6976,1921
6977,1921
6978,1921
6979,1921
6980,1921
6981,1921
6982,1921
6983,1921
6984,1921
6985,1921
6986,1921
6987,1921
6988,1921
6989,1921
6990,1921
6991,1921
6992,1921
6993,1921
6994,1921
6995,1921
6996,1921
6997,1921
6998,1921
6999,1921
7000,1921
7001,1921
7002,1921
7003,1921
7004,1921
7005,1921
7006,1921
7007,1921
7008,1921
7009,1921
7010,1921
7011,1921
7012,1921
7013,1921
7014,1921
7015,1921
7016,1921
7017,1921
7018,1921
7019,1921
7020,1921
7021,1921
7022,1921
7023,1921
7024,1921
7025,1921
7026,1921
7027,1921
7028,1921
7029,1921
7030,1921
7031,1921
7032,1921
7033,1921
7034,1921
7035,1921
7036,1921
7037,1921
7038,1921
7039,1921
7040,1921
7041,1921
7042,1921
7043,1921
7044,1921
7045,1921
7046,1921
7047,1921
7048,1921
7049,1923
7050,1923
7051,1923
7052,1923
7053,1923
7054,1923
7055,1923
7056,1923
7057,1923
7058,1923
7059,1923
7060,1923
7061,1923
7062,1923
7063,1923
7064,1923
7065,1923
7066,1923
7067,1923
7068,1923
7069,1923
7070,1923
7071,1923
7072,1923
7073,1923
7074,1923
7075,1923
7076,1923
7077,1923
7078,1923
7079,1923
7080,1923
7081,1923
7082,1923
7083,1923
7084,1923
7085,1923
7086,1923
7087,1923
7088,1923
7089,1923
7090,1923
7091,1923
7092,1923
7093,1923
7094,1923
7095,1923
7096,1923
7097,1929
7098,1929
7099,1929
7100,1929
7101,1929
7102,1929
7103,1929
7104,1929
7105,1929
7106,1929
7107,1929
7108,1929
7109,1929
7110,1929
7111,1929
7112,1929
7113,1929
7114,1929
7115,1929
7116,1929
7117,1929
7118,1929
7119,1929
7120,1929
7121,1929
7122,1929
7123,1929
7124,1929
7125,1929
7126,1929
7127,1929
7128,1929
7129,1929
7130,1929
7131,1929
7132,1929
7133,1929
7134,1929
7135,1929
7136,1929
7137,1929
7138,1929
7139,1929
7140,1929
7141,1929
7142,1929
7143,1929
7144,1929
7145,1929
7146,1929
7147,1929
7148,1929
7149,1929
7150,1929
7151,1929
7152,1929
7153,1929
7154,1929
7155,1929
7156,1929
7157,1929
7158,1929
7159,1929
7160,1929
7161,1929
7162,1929
7163,1929
7164,1929
7165,1929
7166,1929
7167,1929
7168,1929
7169,1929
7170,1929
7171,1929
7172,1929
7173,1929
7174,1929
7175,1929
7176,1929
7177,1929
7178,1929
7179,1929
7180,1929
7181,1929
7182,1929
7183,1929
7184,1929
7185,1929
7186,1929
7187,1929
7188,1929
7189,1929
7190,1929
7191,1929
7192,1929
7193,1929
7194,1929
7195,1929
7196,1929
7197,1929
7198,1929
7199,1929
7200,1929
7201,1929
7202,1929
7203,1929
7204,1929
7205,1929
7206,1929
7207,1929
7208,1929
7209,1929
7210,1929
7211,1929
7212,1929
7213,1929
7214,1929
7215,1929
7216,1929
7217,1929
7218,1929
7219,1929
7220,1929
7221,1929
7222,1929
7223,1929
7224,1929
7225,1929
7226,1929
7227,1929
7228,1929
7229,1929
7230,1929
7231,1929
7232,1929
7233,1929
7234,1929
7235,1929
7236,1935
7237,1935
7238,1935
7239,1935
7240,1935
7241,1935
7242,1935
7243,1935
7244,1935
7245,1935
7246,1935
7247,1935
7248,1935
7249,1935
7250,1935
7251,1935
7252,1935
7253,1935
7254,1940
7255,1940
7256,1940
7257,1940
7258,1940
7259,1940
7260,1940
7261,1940
7262,1940
7263,1940
7264,1940
7265,1940
7266,1940
7267,1940
7268,1940
7269,1940
7270,1940
7271,1946
7272,1946
7273,1946
7274,1946
7275,1946
7276,1946
7277,1946
7278,1946
7279,1946
7280,1946
7281,1946
7282,1946
7283,1946
7284,1946
7285,1946
7286,1946
7287,1949
7288,1949
7289,1949
7290,1949
7291,1949
7292,1949
7293,1949
7294,1949
7295,1949
7296,1949
7297,1949
7298,1951
7299,1951
7300,1951
7301,1951
7302,1951
7303,1951
7304,1951
7305,1951
7306,1951
7307,1951
7308,1951
7309,1951
7310,1951
7311,1951
7312,1951
7313,1951
7314,1951
7315,1951
7316,1951
7317,1951
7318,1951
7319,1951
7320,1951
7321,1951
7322,1951
7323,1951
7324,1951
7325,1951
7326,1951
7327,1951
7328,1951
7329,1951
7330,1951
7331,1951
7332,1951
7333,1951
7334,1951
7335,1951
7336,1951
7337,1951
7338,1951
7339,1951
7340,1951
7341,1951
7342,1951
7343,1951
7344,1951
7345,1951
7346,1951
7347,1951
7348,1951
7349,1951
7350,1951
7351,1951
7352,1951
7353,1951
7354,1951
7355,1951
7356,1951
7357,1951
7358,1951
7359,1951
7360,1953
7361,1953
7362,1953
7363,1953
7364,1953
7365,1953
7366,1953
7367,1953
7368,1953
7369,1953
7370,1953
7371,1953
7372,1953
7373,1953
7374,1953
7375,1953
7376,1953
7377,1953
7378,1953
7379,1953
7380,1953
7381,1953
7382,1953
7383,1953
7384,1953
7385,1953
7386,1953
7387,1953
7388,1953
7389,1953
7390,1953
7391,1953
7392,1953
7393,1953
7394,1953
7395,1953
7396,1953
7397,1954
7398,1954
7399,1954
7400,1954
7401,1954
7402,1954
7403,1954
7404,1954
7405,1954
7406,1954
7407,1954
7408,1954
7409,1954
7410,1954
7411,1954
7412,1954
7413,1954
7414,1954
7415,1954
7416,1954
7417,1954
7418,1954
7419,1954
7420,1954
7421,1954
7422,1954
7423,1954
7424,1954
7425,1954
7426,1954
7427,1954
7428,1954
7429,1954
7430,1954
7431,1954
7432,1954
7433,1954
7434,1954
7435,1954
7436,1954
7437,1954
7438,1954
7439,1954
7440,1954
7441,1954
7442,1954
7443,1954
7444,1954
7445,1954
7446,1954
7447,1954
7448,1954
7449,1954
7450,1954
7451,1954
7452,1954
7453,1954
7454,1954
7455,1954
7456,1954
7457,1954
7458,1954
7459,1954
7460,1954
7461,1954
7462,1954
7463,1954
7464,1954
7465,1954
7466,1954
7467,1954
7468,1954
7469,1954
7470,1954
7471,1954
7472,1954
7473,1966
7474,1966
7475,1966
7476,1966
7477,1966
7478,1966
7479,1966
7480,1966
7481,1966
7482,1966
7483,1966
7484,1966
7485,1966
7486,1966
7487,1966
7488,1966
7489,1966
7490,1966
7491,1966
7492,1966
7493,1966
7494,1966
7495,1966
7496,1966
7497,1966
7498,1966
7499,1966
7500,1966
7501,1966
7502,1966
7503,1966
7504,1966
7505,1966
7506,1966
7507,1966
7508,1966
7509,1966
7510,1966
7511,1966
7512,1966
7513,1966
7514,1966
7515,1966
7516,1966
7517,1966
7518,1966
7519,1966
7520,1966
7521,1966
7522,1966
7523,1966
7524,1966
7525,1966
7526,1966
7527,1966
7528,1966
7529,1966
7530,1966
7531,1966
7532,1966
7533,1966
7534,1966
7535,1966
7536,1966
7537,1966
7538,1966
7539,1966
7540,1966
7541,1966
7542,1966
7543,1966
7544,1966
7545,1966
7546,1966
7547,1966
7548,1966
7549,1966
7550,1969
7551,1969
7552,1969
7553,1969
7554,1969
7555,1969
7556,1969
7557,1969
7558,1969
7559,1969
7560,1969
7561,1969
7562,1969
7563,1969
7564,1969
7565,1969
7566,1969
7567,1969
7568,1969
7569,1969
7570,1969
7571,1969
7572,1969
7573,1969
7574,1969
7575,1969
7576,1969
7577,1969
7578,1969
7579,1969
7580,1969
7581,1969
7582,1969
7583,1969
7584,1969
7585,1969
7586,1969
7587,1969
7588,1969
7589,1971
7590,1971
7591,1971
7592,1971
7593,1971
7594,1971
7595,1971
7596,1971
7597,1971
7598,1971
7599,1971
7600,1971
7601,1971
7602,1971
7603,1971
7604,1971
7605,1971
7606,1971
7607,1971
7608,1971
7609,1971
7610,1971
7611,1971
7612,1971
7613,1971
7614,1971
7615,1971
7616,1971
7617,1971
7618,1971
7619,1971
7620,1971
7621,1971
7622,1971
7623,1971
7624,1971
7625,1971
7626,1971
7627,1971
7628,1971
7629,1971
7630,1971
7631,1971
7632,1971
7633,1971
7634,1971
7635,1971
7636,1971
7637,1971
7638,1971
7639,1971
7640,1971
7641,1971
7642,1971
7643,1971
7644,1971
7645,1971
7646,1971
7647,1971
7648,1971
7649,1971
7650,1971
7651,1971
7652,1971
7653,1971
7654,1971
7655,1971
7656,1971
7657,1971
7658,1971
7659,1971
7660,1971
7661,1971
7662,1971
7663,1971
7664,1971
7665,1971
7666,1971
7667,1971
7668,1971
7669,1971
7670,1971
7671,1971
7672,1971
7673,1971
7674,1971
7675,1971
7676,1971
7677,1971
7678,1971
7679,1971
7680,1971
7681,1971
7682,1971
7683,1971
7684,1971
7685,1971
7686,1971
7687,1971
7688,1971
7689,1973
7690,1973
7691,1973
7692,1973
7693,1973
7694,1973
7695,1973
7696,1973
7697,1973
7698,1973
7699,1973
7700,1973
7701,1973
7702,1973
7703,1973
7704,1973
7705,1973
7706,1973
7707,1973
7708,1973
7709,1973
7710,1973
7711,1973
7712,1973
7713,1973
7714,1973
7715,1973
7716,1973
7717,1973
7718,1973
7719,1973
7720,1973
7721,1973
7722,1973
7723,1973
7724,1973
7725,1973
7726,1973
7727,1973
7728,1973
7729,1974
7730,1974
7731,1974
7732,1980
7733,1980
7734,1980
7735,1980
7736,1980
7737,1980
7738,1988
7739,1988
7740,1988
7741,1988
7742,1988
7743,1988
7744,1988
7745,1988
7746,1988
7747,1988
7748,1988
7749,1988
7750,1988
7751,1988
7752,1988
7753,1988
7754,1988
7755,1988
7756,1988
7757,1988
7758,1988
7759,1988
7760,1988
7761,1988
7762,1988
7763,1988
7764,1988
7765,1988
7766,1997
7767,1997
7768,1997
7769,1997
7770,1997
7771,1997
7772,1997
7773,1997
7774,1997
7775,1997
7776,1997
7777,1997
7778,1997
7779,1997
7780,1997
7781,1997
7782,2004
7783,2004
7784,2004
7785,2004
7786,2004
7787,2004
7788,2006
7789,2006
7790,2006
7791,2006
7792,2006
7793,2006
7794,2006
7795,2006
7796,2006
7797,2006
7798,2006
7799,2006
7800,2006
7801,2006
7802,2006
7803,2006
7804,2006
7805,2006
7806,2006
7807,2006
7808,2006
7809,2006
7810,2006
7811,2006
7812,2006
7813,2006
7814,2006
7815,2006
7816,2006
7817,2006
7818,2006
7819,2006
7820,2006
7821,2006
7822,2020
7823,2020
7824,2020
7825,2020
7826,2020
7827,2020
7828,2020
7829,2023
7830,2023
7831,2023
7832,2023
7833,2023
7834,2023
7835,2023
7836,2023
7837,2028
7838,2028
7839,2028
7840,2028
7841,2028
7842,2028
7843,2028
7844,2028
7845,2028
7846,2028
7847,2028
7848,2028
7849,2028
7850,2028
7851,2028
7852,2028
7853,2028
7854,2028
7855,2028
7856,2028
7857,2028
7858,2028
7859,2028
7860,2028
7861,2028
7862,2028
7863,2028
7864,2028
7865,2028
7866,2028
7867,2028
7868,2028
7869,2028
7870,2028
7871,2028
7872,2028
7873,2028
7874,2028
7875,2028
7876,2028
7877,2028
7878,2028
7879,2028
7880,2028
7881,2028
7882,2028
7883,2028
7884,2028
7885,2028
7886,2028
7887,2028
7888,2028
7889,2028
7890,2028
7891,2028
7892,2028
7893,2028
7894,2028
7895,2028
7896,2028
7897,2028
7898,2028
7899,2028
7900,2028
7901,2028
7902,2028
7903,2028
7904,2028
7905,2028
7906,2028
7907,2028
7908,2028
7909,2033
7910,2033
7911,2033
7912,2033
7913,2033
7914,2033
7915,2033
7916,2033
7917,2033
7918,2033
7919,2033
7920,2033
7921,2033
7922,2033
7923,2033
7924,2033
7925,2033
7926,2033
7927,2033
7928,2033
7929,2033
7930,2033
7931,2033
7932,2033
7933,2033
7934,2033
7935,2033
7936,2033
7937,2033
7938,2033
7939,2033
7940,2033
7941,2033
7942,2033
7943,2033
7944,2033
7945,2033
7946,2033
7947,2033
7948,2033
7949,2033
7950,2033
7951,2033
7952,2033
7953,2033
7954,2033
7955,2033
7956,2033
7957,2033
7958,2033
7959,2033
7960,2033
7961,2033
7962,2033
7963,2033
7964,2033
7965,2033
7966,2033
7967,2033
7968,2033
7969,2033
7970,2033
7971,2033
7972,2033
7973,2033
7974,2033
7975,2033
7976,2033
7977,2033
7978,2033
7979,2033
7980,2033
7981,2033
7982,2033
7983,2033
7984,2033
7985,2033
7986,2033
7987,2033
7988,2033
7989,2033
7990,2033
7991,2033
7992,2033
7993,2033
7994,2033
7995,2033
7996,2033
7997,2033
7998,2033
7999,2033
8000,2033
8001,2033
8002,2033
8003,2033
8004,2033
8005,2033
8006,2033
8007,2033
8008,2033
8009,2033
8010,2033
8011,2033
8012,2033
8013,2033
8014,2033
8015,2033
8016,2033
8017,2033
8018,2033
8019,2033
8020,2033
8021,2033
8022,2033
8023,2033
8024,2033
8025,2033
8026,2033
8027,2033
8028,2033
8029,2033
8030,2033
8031,2033
8032,2033
8033,2033
8034,2033
8035,2033
8036,2035
8037,2035
8038,2035
8039,2035
8040,2035
8041,2035
8042,2035
8043,2037
8044,2037
8045,2037
8046,2037
8047,2037
8048,2042
8049,2042
8050,2042
8051,2042
8052,2042
8053,2042
8054,2042
8055,2042
8056,2042
8057,2042
8058,2042
8059,2042
8060,2042
8061,2042
8062,2042
8063,2042
8064,2042
8065,2042
8066,2042
8067,2042
8068,2042
8069,2042
8070,2042
8071,2042
8072,2042
8073,2042
8074,2042
8075,2042
8076,2042
8077,2042
8078,2042
8079,2042
8080,2042
8081,2042
8082,2042
8083,2061
8084,2061
8085,2061
8086,2061
8087,2061
8088,2061
8089,2061
8090,2061
8091,2061
8092,2061
8093,2061
8094,2061
8095,2061
8096,2061
8097,2061
8098,2061
8099,2061
8100,2061
8101,2061
8102,2061
8103,2061
8104,2061
8105,2061
8106,2061
8107,2061
8108,2061
8109,2061
8110,2061
8111,2061
8112,2061
8113,2061
8114,2061
8115,2061
8116,2063
8117,2067
8118,2067
8119,2067
8120,2067
8121,2067
8122,2067
8123,2067
8124,2067
8125,2067
8126,2067
8127,2067
8128,2067
8129,2067
8130,2067
8131,2067
8132,2067
8133,2067
8134,2067
8135,2067
8136,2081
8137,2081
8138,2081
8139,2081
8140,2081
8141,2081
8142,2081
8143,2081
8144,2085
8145,2085
8146,2085
8147,2085
8148,2085
8149,2085
8150,2085
8151,2085
8152,2085
8153,2085
8154,2085
8155,2085
8156,2085
8157,2085
8158,2085
8159,2085
8160,2085
8161,2085
8162,2085
8163,2085
8164,2085
8165,2085
8166,2085
8167,2085
8168,2085
8169,2085
8170,2085
8171,2085
8172,2085
8173,2085
8174,2085
8175,2085
8176,2085
8177,2085
8178,2085
8179,2085
8180,2085
8181,2085
8182,2085
8183,2085
8184,2085
8185,2085
8186,2085
8187,2085
8188,2085
8189,2085
8190,2085
8191,2085
8192,2085
8193,2085
8194,2085
8195,2085
8196,2085
8197,2085
8198,2085
8199,2085
8200,2085
8201,2085
8202,2085
8203,2085
8204,2085
8205,2085
8206,2085
8207,2085
8208,2085
8209,2085
8210,2085
8211,2085
8212,2085
8213,2085
8214,2085
8215,2085
8216,2085
8217,2091
8218,2093
8219,2093
8220,2093
8221,2093
8222,2093
8223,2093
8224,2093
8225,2093
8226,2093
8227,2093
8228,2093
8229,2093
8230,2093
8231,2093
8232,2093
8233,2093
8234,2093
8235,2093
8236,2093
8237,2093
8238,2093
8239,2093
8240,2093
8241,2093
8242,2093
8243,2093
8244,2093
8245,2093
8246,2093
8247,2093
8248,2093
8249,2093
8250,2093
8251,2093
8252,2093
8253,2093
8254,2093
8255,2093
8256,2093
8257,2093
8258,2093
8259,2093
8260,2093
8261,2093
8262,2093
8263,2093
8264,2093
8265,2093
8266,2093
8267,2093
8268,2093
8269,2093
8270,2093
8271,2093
8272,2093
8273,2093
8274,2093
8275,2093
8276,2093
8277,2093
8278,2093
8279,2093
8280,2093
8281,2093
8282,2093
8283,2093
8284,2093
8285,2093
8286,2093
8287,2093
8288,2093
8289,2093
8290,2093
8291,2093
8292,2093
8293,2093
8294,2093
8295,2093
8296,2093
8297,2093
8298,2093
8299,2093
8300,2093
8301,2093
8302,2093
8303,2093
8304,2093
8305,2094
8306,2094
8307,2094
8308,2094
8309,2094
8310,2094
8311,2094
8312,2094
8313,2094
8314,2094
8315,2094
8316,2094
8317,2094
8318,2094
8319,2094
8320,2094
8321,2094
8322,2094
8323,2094
8324,2097
8325,2097
8326,2097
8327,2097
8328,2097
8329,2097
8330,2097
8331,2097
8332,2097
8333,2097
8334,2097
8335,2097
8336,2097
8337,2097
8338,2097
8339,2097
8340,2097
8341,2097
8342,2097
8343,2097
8344,2097
8345,2097
8346,2097
8347,2097
8348,2097
8349,2097
8350,2097
8351,2097
8352,2097
8353,2097
8354,2097
8355,2097
8356,2097
8357,2097
8358,2097
8359,2097
8360,2097
8361,2097
8362,2097
8363,2097
8364,2097
8365,2097
8366,2097
8367,2097
8368,2097
8369,2097
8370,2097
8371,2097
8372,2097
8373,2097
8374,2097
8375,2097
8376,2097
8377,2097
8378,2097
8379,2097
8380,2097
8381,2097
8382,2097
8383,2097
8384,2097
8385,2097
8386,2097
8387,2097
8388,2097
8389,2097
8390,2097
8391,2097
8392,2097
8393,2097
8394,2097
8395,2097
8396,2097
8397,2097
8398,2097
8399,2097
8400,2097
8401,2097
8402,2097
8403,2097
8404,2097
8405,2097
8406,2097
8407,2097
8408,2097
8409,2097
8410,2097
8411,2097
8412,2097
8413,2097
8414,2097
8415,2097
8416,2097
8417,2097
8418,2097
8419,2097
8420,2099
8421,2099
8422,2099
8423,2099
8424,2099
8425,2099
8426,2099
8427,2099
8428,2099
8429,2099
8430,2099
8431,2099
8432,2102
8433,2102
8434,2102
8435,2102
8436,2102
8437,2102
8438,2102
8439,2102
8440,2102
8441,2102
8442,2102
8443,2102
8444,2102
8445,2102
8446,2102
8447,2102
8448,2102
8449,2102
8450,2102
8451,2102
8452,2102
8453,2102
8454,2102
8455,2102
8456,2102
8457,2102
8458,2102
8459,2102
8460,2102
8461,2102
8462,2102
8463,2102
8464,2102
8465,2102
8466,2102
8467,2102
8468,2102
8469,2102
8470,2102
8471,2102
8472,2102
8473,2102
8474,2102
8475,2102
8476,2102
8477,2102
8478,2102
8479,2102
8480,2102
8481,2102
8482,2102
8483,2102
8484,2102
8485,2102
8486,2102
8487,2102
8488,2102
8489,2102
8490,2102
8491,2102
8492,2102
8493,2102
8494,2102
8495,2102
8496,2102
8497,2102
8498,2102
8499,2102
8500,2102
8501,2102
8502,2102
8503,2102
8504,2102
8505,2102
8506,2102
8507,2102
8508,2102
8509,2102
8510,2102
8511,2102
8512,2102
8513,2102
8514,2102
8515,2102
8516,2102
8517,2102
8518,2102
8519,2102
8520,2102
8521,2102
8522,2102
8523,2102
8524,2102
8525,2102
8526,2102
8527,2102
8528,2102
8529,2104
8530,2104
8531,2104
8532,2104
8533,2104
8534,2104
8535,2104
8536,2104
8537,2104
8538,2104
8539,2104
8540,2104
8541,2104
8542,2104
8543,2104
8544,2104
8545,2104
8546,2104
8547,2104
8548,2104
8549,2104
8550,2104
8551,2104
8552,2104
8553,2104
8554,2104
8555,2104
8556,2104
8557,2104
8558,2104
8559,2104
8560,2104
8561,2104
8562,2104
8563,2104
8564,2104
8565,2104
8566,2104
8567,2104
8568,2104
8569,2104
8570,2104
8571,2104
8572,2104
8573,2104
8574,2104
8575,2104
8576,2104
8577,2104
8578,2104
8579,2104
8580,2104
8581,2104
8582,2104
8583,2104
8584,2104
8585,2104
8586,2104
8587,2104
8588,2104
8589,2104
8590,2104
8591,2104
8592,2104
8593,2104
8594,2104
8595,2120
8596,2120
8597,2120
8598,2120
8599,2120
8600,2120
8601,2120
8602,2120
8603,2120
8604,2120
8605,2120
8606,2120
8607,2120
8608,2120
8609,2120
8610,2120
8611,2120
8612,2120
8613,2120
8614,2120
8615,2120
8616,2120
8617,2120
8618,2120
8619,2120
8620,2120
8621,2120
8622,2120
8623,2120
8624,2120
8625,2120
8626,2120
8627,2120
8628,2120
8629,2120
8630,2120
8631,2120
8632,2120
8633,2120
8634,2120
8635,2120
8636,2120
8637,2120
8638,2120
8639,2120
8640,2120
8641,2120
8642,2120
8643,2120
8644,2120
8645,2120
8646,2120
8647,2120
8648,2120
8649,2120
8650,2120
8651,2120
8652,2120
8653,2120
8654,2120
8655,2120
8656,2120
8657,2120
8658,2120
8659,2120
8660,2120
8661,2120
8662,2120
8663,2120
8664,2120
8665,2142
8666,2142
8667,2142
8668,2142
8669,2142
8670,2142
8671,2142
8672,2142
8673,2142
8674,2142
8675,2142
8676,2142
8677,2142
8678,2142
8679,2142
8680,2142
8681,2142
8682,2145
8683,2145
8684,2145
8685,2145
8686,2145
8687,2145
8688,2145
8689,2145
8690,2145
8691,2145
8692,2145
8693,2145
8694,2145
8695,2145
8696,2145
8697,2145
8698,2145
8699,2145
8700,2145
8701,2145
8702,2145
8703,2145
8704,2145
8705,2145
8706,2145
8707,2145
8708,2145
8709,2145
8710,2145
8711,2145
8712,2145
8713,2145
8714,2145
8715,2145
8716,2145
8717,2145
8718,2145
8719,2145
8720,2145
8721,2145
8722,2145
8723,2145
8724,2145
8725,2145
8726,2145
8727,2145
8728,2145
8729,2145
8730,2145
8731,2145
8732,2145
8733,2145
8734,2145
8735,2145
8736,2145
8737,2145
8738,2145
8739,2145
8740,2145
8741,2145
8742,2145
8743,2145
8744,2145
8745,2145
8746,2145
8747,2145
8748,2145
8749,2145
8750,2145
8751,2145
8752,2145
8753,2145
8754,2145
8755,2145
8756,2145
8757,2145
8758,2145
8759,2145
8760,2145
8761,2145
8762,2145
8763,2145
8764,2145
8765,2145
8766,2145
8767,2145
8768,2145
8769,2145
8770,2145
8771,2145
8772,2145
8773,2145
8774,2145
8775,2145
8776,2145
8777,2145
8778,2145
8779,2145
8780,2145
8781,2145
8782,2145
8783,2145
8784,2145
8785,2145
8786,2145
8787,2145
8788,2145
8789,2145
8790,2145
8791,2145
8792,2145
8793,2145
8794,2145
8795,2145
8796,2145
8797,2145
8798,2145
8799,2145
8800,2145
8801,2145
8802,2145
8803,2145
8804,2145
8805,2145
8806,2145
8807,2145
8808,2145
8809,2145
8810,2145
8811,2145
8812,2145
8813,2145
8814,2145
8815,2145
8816,2145
8817,2145
8818,2145
8819,2145
8820,2150
8821,2150
8822,2150
8823,2150
8824,2150
8825,2150
8826,2150
8827,2150
8828,2150
8829,2150
8830,2150
8831,2150
8832,2150
8833,2150
8834,2150
8835,2150
8836,2150
8837,2150
8838,2150
8839,2150
8840,2150
8841,2150
8842,2150
8843,2150
8844,2150
8845,2150
8846,2150
8847,2150
8848,2150
8849,2150
8850,2150
8851,2150
8852,2150
8853,2150
8854,2150
8855,2150
8856,2150
8857,2150
8858,2150
8859,2150
8860,2150
8861,2150
8862,2150
8863,2150
8864,2150
8865,2150
8866,2150
8867,2150
8868,2150
8869,2150
8870,2150
8871,2150
8872,2150
8873,2154
8874,2154
8875,2154
8876,2154
8877,2154
8878,2154
8879,2154
8880,2154
8881,2154
8882,2154
8883,2154
8884,2154
8885,2154
8886,2154
8887,2154
8888,2154
8889,2154
8890,2154
8891,2154
8892,2154
8893,2154
8894,2154
8895,2154
8896,2154
8897,2154
8898,2154
8899,2154
8900,2154
8901,2154
8902,2154
8903,2154
8904,2154
8905,2154
8906,2154
8907,2154
8908,2154
8909,2154
8910,2154
8911,2154
8912,2154
8913,2154
8914,2154
8915,2154
8916,2154
8917,2154
8918,2154
8919,2154
8920,2156
8921,2156
8922,2156
8923,2160
8924,2160
8925,2160
8926,2160
8927,2160
8928,2160
8929,2160
8930,2160
8931,2160
8932,2160
8933,2160
8934,2160
8935,2160
8936,2160
8937,2160
8938,2160
8939,2160
8940,2160
8941,2160
8942,2160
8943,2160
8944,2160
8945,2160
8946,2160
8947,2160
8948,2160
8949,2160
8950,2160
8951,2160
8952,2160
8953,2160
8954,2160
8955,2160
8956,2160
8957,2160
8958,2160
8959,2160
8960,2160
8961,2160
8962,2160
8963,2160
8964,2160
8965,2160
8966,2160
8967,2160
8968,2160
8969,2160
8970,2160
8971,2160
8972,2160
8973,2160
8974,2160
8975,2160
8976,2160
8977,2160
8978,2160
8979,2160
8980,2160
8981,2160
8982,2160
8983,2160
8984,2160
8985,2160
8986,2160
8987,2160
8988,2160
8989,2160
8990,2160
8991,2160
8992,2160
8993,2160
8994,2160
8995,2160
8996,2160
8997,2160
8998,2160
8999,2160
9000,2160
9001,2160
9002,2160
9003,2160
9004,2160
9005,2160
9006,2160
9007,2160
9008,2161
9009,2161
9010,2161
9011,2161
9012,2161
9013,2161
9014,2161
9015,2161
9016,2161
9017,2161
9018,2161
9019,2162
9020,2162
9021,2162
9022,2162
9023,2162
9024,2162
9025,2162
9026,2162
9027,2162
9028,2162
9029,2162
9030,2162
9031,2162
9032,2162
9033,2162
9034,2162
9035,2162
9036,2162
9037,2162
9038,2162
9039,2162
9040,2162
9041,2162
9042,2162
9043,2162
9044,2162
9045,2162
9046,2162
9047,2162
9048,2162
9049,2162
9050,2162
9051,2162
9052,2162
9053,2162
9054,2162
9055,2162
9056,2162
9057,2162
9058,2162
9059,2162
9060,2162
9061,2162
9062,2162
9063,2162
9064,2162
9065,2162
9066,2162
9067,2162
9068,2162
9069,2162
9070,2162
9071,2162
9072,2162
9073,2162
9074,2162
9075,2162
9076,2162
9077,2162
9078,2162
9079,2162
9080,2162
9081,2162
9082,2162
9083,2162
9084,2162
9085,2162
9086,2162
9087,2162
9088,2162
9089,2162
9090,2162
9091,2162
9092,2162
9093,2162
9094,2162
9095,2162
9096,2162
9097,2162
9098,2162
9099,2162
9100,2162
9101,2162
9102,2162
9103,2162
9104,2162
9105,2162
9106,2162
9107,2162
9108,2162
9109,2162
9110,2162
9111,2162
9112,2162
9113,2162
9114,2162
9115,2162
9116,2162
9117,2162
9118,2162
9119,2162
9120,2162
9121,2162
9122,2162
9123,2162
9124,2162
9125,2162
9126,2162
9127,2162
9128,2162
9129,2162
9130,2162
9131,2162
9132,2162
9133,2162
9134,2162
9135,2162
9136,2162
9137,2162
9138,2162
9139,2162
9140,2162
9141,2162
9142,2162
9143,2162
9144,2162
9145,2162
9146,2162
9147,2162
9148,2162
9149,2162
9150,2162
9151,2162
9152,2162
9153,2162
9154,2163
9155,2163
9156,2163
9157,2163
9158,2163
9159,2163
9160,2163
9161,2163
9162,2163
9163,2163
9164,2163
9165,2163
9166,2163
9167,2163
9168,2163
9169,2163
9170,2163
9171,2163
9172,2163
9173,2163
9174,2163
9175,2163
9176,2163
9177,2163
9178,2163
9179,2163
9180,2163
9181,2163
9182,2163
9183,2163
9184,2163
9185,2163
9186,2163
9187,2163
9188,2163
9189,2163
9190,2163
9191,2163
9192,2163
9193,2163
9194,2163
9195,2163
9196,2163
9197,2163
9198,2163
9199,2163
9200,2163
9201,2163
9202,2163
9203,2163
9204,2163
9205,2163
9206,2163
9207,2163
9208,2163
9209,2163
9210,2163
9211,2163
9212,2163
9213,2163
9214,2163
9215,2163
9216,2163
9217,2163
9218,2163
9219,2163
9220,2163
9221,2163
9222,2163
9223,2163
9224,2163
9225,2163
9226,2163
9227,2163
9228,2163
9229,2163
9230,2163
9231,2163
9232,2163
9233,2163
9234,2163
9235,2163
9236,2163
9237,2163
9238,2163
9239,2163
9240,2163
9241,2163
9242,2163
9243,2163
9244,2163
9245,2163
9246,2163
9247,2163
9248,2163
9249,2163
9250,2163
9251,2163
9252,2163
9253,2163
9254,2163
9255,2163
9256,2163
9257,2163
9258,2163
9259,2163
9260,2163
9261,2163
9262,2163
9263,2163
9264,2163
9265,2163
9266,2163
9267,2163
9268,2163
9269,2163
9270,2163
9271,2163
9272,2163
9273,2163
9274,2163
9275,2163
9276,2163
9277,2163
9278,2186
9279,2186
9280,2186
9281,2186
9282,2186
9283,2186
9284,2186
9285,2186
9286,2186
9287,2186
9288,2186
9289,2186
9290,2186
9291,2186
9292,2186
9293,2186
9294,2186
9295,2186
9296,2186
9297,2186
9298,2186
9299,2186
9300,2186
9301,2186
9302,2186
9303,2186
9304,2186
9305,2210
9306,2210
9307,2210
9308,2210
9309,2210
9310,2210
9311,2212
9312,2212
9313,2212
9314,2212
9315,2212
9316,2215
9317,2215
9318,2215
9319,2215
9320,2215
9321,2215
9322,2215
9323,2215
9324,2215
9325,2215
9326,2215
9327,2215
9328,2215
9329,2215
9330,2215
9331,2215
9332,2215
9333,2215
9334,2215
9335,2215
9336,2215
9337,2215
9338,2215
9339,2215
9340,2215
9341,2215
9342,2215
9343,2219
9344,2219
9345,2219
9346,2219
9347,2219
9348,2219
9349,2219
9350,2219
9351,2219
9352,2219
9353,2219
9354,2219
9355,2219
9356,2219
9357,2219
9358,2219
9359,2219
9360,2219
9361,2219
9362,2219
9363,2219
9364,2219
9365,2219
9366,2219
9367,2219
9368,2219
9369,2219
9370,2219
9371,2219
9372,2219
9373,2219
9374,2219
9375,2219
9376,2219
9377,2219
9378,2219
9379,2219
9380,2219
9381,2219
9382,2219
9383,2219
9384,2219
9385,2219
9386,2219
9387,2219
9388,2219
9389,2219
9390,2220
9391,2220
9392,2220
9393,2220
9394,2220
9395,2220
9396,2220
9397,2220
9398,2220
9399,2220
9400,2220
9401,2220
9402,2220
9403,2220
9404,2220
9405,2220
9406,2220
9407,2220
9408,2220
9409,2220
9410,2220
9411,2220
9412,2220
9413,2220
9414,2220
9415,2220
9416,2220
9417,2220
9418,2220
9419,2220
9420,2227
9421,2227
9422,2227
9423,2227
9424,2227
9425,2227
9426,2227
9427,2227
9428,2227
9429,2227
9430,2227
9431,2227
9432,2227
9433,2227
9434,2227
9435,2227
9436,2227
9437,2227
9438,2227
9439,2227
9440,2227
9441,2227
9442,2227
9443,2227
9444,2227
9445,2227
9446,2227
9447,2227
9448,2227
9449,2227
9450,2227
9451,2227
9452,2227
9453,2227
9454,2227
9455,2227
9456,2227
9457,2227
9458,2227
9459,2227
9460,2227
9461,2227
9462,2227
9463,2227
9464,2227
9465,2227
9466,2227
9467,2227
9468,2227
9469,2227
9470,2227
9471,2227
9472,2227
9473,2227
9474,2227
9475,2227
9476,2227
9477,2227
9478,2227
9479,2227
9480,2227
9481,2227
9482,2227
9483,2227
9484,2227
9485,2227
9486,2227
9487,2227
9488,2227
9489,2227
9490,2227
9491,2227
9492,2227
9493,2227
9494,2227
9495,2227
9496,2227
9497,2227
9498,2227
9499,2227
9500,2227
9501,2227
9502,2229
9503,2229
9504,2229
9505,2229
9506,2229
9507,2229
9508,2229
9509,2229
9510,2229
9511,2229
9512,2229
9513,2229
9514,2229
9515,2229
9516,2229
9517,2229
9518,2229
9519,2229
9520,2229
9521,2229
9522,2229
9523,2229
9524,2229
9525,2229
9526,2229
9527,2229
9528,2229
9529,2229
9530,2229
9531,2229
9532,2229
9533,2229
9534,2229
9535,2229
9536,2229
9537,2229
9538,2229
9539,2229
9540,2229
9541,2229
9542,2229
9543,2229
9544,2229
9545,2229
9546,2229
9547,2229
9548,2229
9549,2229
9550,2229
9551,2229
9552,2229
9553,2229
9554,2229
9555,2229
9556,2229
9557,2229
9558,2229
9559,2229
9560,2229
9561,2229
9562,2229
9563,2229
9564,2229
9565,2229
9566,2229
9567,2229
9568,2229
9569,2229
9570,2229
9571,2229
9572,2229
9573,2229
9574,2229
9575,2229
9576,2229
9577,2229
9578,2229
9579,2229
9580,2229
9581,2229
9582,2229
9583,2229
9584,2229
9585,2229
9586,2229
9587,2229
9588,2229
9589,2229
9590,2229
9591,2229
9592,2229
9593,2229
9594,2229
9595,2229
9596,2229
9597,2229
9598,2229
9599,2229
9600,2229
9601,2229
9602,2229
9603,2229
9604,2229
9605,2229
9606,2229
9607,2229
9608,2229
9609,2229
9610,2239
9611,2239
9612,2239
9613,2239
9614,2239
9615,2239
9616,2239
9617,2239
9618,2239
9619,2239
9620,2239
9621,2239
9622,2239
9623,2239
9624,2239
9625,2239
9626,2239
9627,2239
9628,2239
9629,2239
9630,2239
9631,2239
9632,2239
9633,2239
9634,2239
9635,2239
9636,2239
9637,2239
9638,2239
9639,2239
9640,2239
9641,2239
9642,2239
9643,2239
9644,2239
9645,2239
9646,2239
9647,2239
9648,2239
9649,2239
9650,2239
9651,2239
9652,2239
9653,2239
9654,2239
9655,2239
9656,2239
9657,2239
9658,2239
9659,2239
9660,2239
9661,2239
9662,2239
9663,2239
9664,2239
9665,2239
9666,2239
9667,2239
9668,2239
9669,2239
9670,2239
9671,2239
9672,2239
9673,2239
9674,2239
9675,2239
9676,2239
9677,2239
9678,2239
9679,2239
9680,2239
9681,2239
9682,2239
9683,2239
9684,2239
9685,2239
9686,2239
9687,2239
9688,2239
9689,2239
9690,2239
9691,2239
9692,2239
9693,2239
9694,2239
9695,2239
9696,2239
9697,2239
9698,2239
9699,2239
9700,2239
9701,2239
9702,2239
9703,2239
9704,2239
9705,2239
9706,2239
9707,2239
9708,2239
9709,2239
9710,2239
9711,2239
9712,2239
9713,2239
9714,2239
9715,2239
9716,2239
9717,2239
9718,2239
9719,2239
9720,2239
9721,2239
9722,2239
9723,2239
9724,2239
9725,2239
9726,2239
9727,2239
9728,2239
9729,2239
9730,2239
9731,2239
9732,2239
9733,2239
9734,2239
9735,2239
9736,2239
9737,2239
9738,2239
9739,2239
9740,2239
9741,2239
9742,2239
9743,2239
9744,2239
9745,2239
9746,2239
9747,2239
9748,2239
9749,2243
9750,2243
9751,2243
9752,2243
9753,2243
9754,2243
9755,2243
9756,2243
9757,2243
9758,2243
9759,2243
9760,2243
9761,2243
9762,2243
9763,2243
9764,2243
9765,2243
9766,2243
9767,2243
9768,2243
9769,2243
9770,2248
9771,2248
9772,2248
9773,2248
9774,2248
9775,2248
9776,2248
9777,2248
9778,2248
9779,2248
9780,2248
9781,2248
9782,2248
9783,2248
9784,2248
9785,2248
9786,2248
9787,2248
9788,2248
9789,2248
9790,2248
9791,2248
9792,2248
9793,2248
9794,2248
9795,2248
9796,2250
9797,2250
9798,2250
9799,2250
9800,2250
9801,2250
9802,2250
9803,2250
9804,2250
9805,2250
9806,2250
9807,2250
9808,2250
9809,2250
9810,2250
9811,2250
9812,2250
9813,2250
9814,2250
9815,2250
9816,2250
9817,2250
9818,2250
9819,2250
9820,2250
9821,2250
9822,2250
9823,2250
9824,2250
9825,2250
9826,2250
9827,2250
9828,2250
9829,2250
9830,2250
9831,2250
9832,2250
9833,2250
9834,2250
9835,2250
9836,2250
9837,2250
9838,2250
9839,2250
9840,2250
9841,2250
9842,2250
9843,2250
9844,2250
9845,2250
9846,2250
9847,2250
9848,2252
9849,2252
9850,2252
9851,2252
9852,2252
9853,2252
9854,2252
9855,2252
9856,2252
9857,2252
9858,2252
9859,2252
9860,2252
9861,2252
9862,2252
9863,2252
9864,2252
9865,2252
9866,2252
9867,2252
9868,2252
9869,2252
9870,2252
9871,2252
9872,2252
9873,2252
9874,2252
9875,2252
9876,2252
9877,2252
9878,2252
9879,2252
9880,2252
9881,2252
9882,2252
9883,2252
9884,2252
9885,2252
9886,2252
9887,2252
9888,2252
9889,2252
9890,2252
9891,2252
9892,2252
9893,2252
9894,2252
9895,2252
9896,2252
9897,2252
9898,2252
9899,2252
9900,2252
9901,2252
9902,2252
9903,2252
9904,2252
9905,2252
9906,2252
9907,2252
9908,2252
9909,2252
9910,2252
9911,2252
9912,2253
9913,2253
9914,2253
9915,2253
9916,2253
9917,2253
9918,2253
9919,2253
9920,2253
9921,2253
9922,2253
9923,2253
9924,2253
9925,2253
9926,2253
9927,2253
9928,2253
9929,2253
9930,2253
9931,2253
9932,2253
9933,2253
9934,2253
9935,2253
9936,2253
9937,2253
9938,2253
9939,2253
9940,2253
9941,2253
9942,2253
9943,2253
9944,2253
9945,2253
9946,2253
9947,2253
9948,2253
9949,2253
9950,2253
9951,2253
9952,2253
9953,2253
9954,2253
9955,2253
9956,2253
9957,2253
9958,2253
9959,2253
9960,2253
9961,2253
9962,2253
9963,2253
9964,2253
9965,2253
9966,2253
9967,2253
9968,2253
9969,2253
9970,2253
9971,2253
9972,2253
9973,2253
9974,2253
9975,2253
9976,2253
9977,2253
9978,2253
9979,2253
9980,2253
9981,2253
9982,2253
9983,2253
9984,2253
9985,2253
9986,2253
9987,2253
9988,2253
9989,2253
9990,2253
9991,2253
9992,2253
9993,2253
9994,2253
9995,2253
9996,2253
9997,2253
9998,2253
9999,2253
10000,2253
10001,2253
10002,2253
10003,2253
10004,2253
10005,2253
10006,2253
10007,2253
10008,2253
10009,2253
10010,2253
10011,2253
10012,2253
10013,2253
10014,2253
10015,2253
10016,2253
10017,2253
10018,2253
10019,2253
10020,2253
10021,2253
10022,2253
10023,2255
10024,2255
10025,2255
10026,2255
10027,2255
10028,2255
10029,2255
10030,2255
10031,2255
10032,2255
10033,2255
10034,2255
10035,2255
10036,2255
10037,2255
10038,2255
10039,2255
10040,2255
10041,2255
10042,2255
10043,2255
10044,2255
10045,2255
10046,2255
10047,2255
10048,2255
10049,2255
10050,2260
10051,2260
10052,2260
10053,2260
10054,2260
10055,2260
10056,2260
10057,2260
10058,2260
10059,2260
10060,2260
10061,2260
10062,2260
10063,2260
10064,2260
10065,2260
10066,2260
10067,2260
10068,2260
10069,2260
10070,2260
10071,2260
10072,2260
10073,2260
10074,2260
10075,2260
10076,2260
10077,2260
10078,2260
10079,2260
10080,2260
10081,2274
10082,2274
10083,2274
10084,2274
10085,2274
10086,2274
10087,2274
10088,2274
10089,2274
10090,2274
10091,2274
10092,2274
10093,2274
10094,2274
10095,2274
10096,2274
10097,2274
10098,2274
10099,2274
10100,2274
10101,2274
10102,2274
10103,2274
10104,2274
10105,2274
10106,2275
10107,2275
10108,2275
10109,2275
10110,2275
10111,2275
10112,2275
10113,2275
10114,2275
10115,2275
10116,2275
10117,2275
10118,2275
10119,2275
10120,2275
10121,2275
10122,2275
10123,2275
10124,2275
10125,2275
10126,2275
10127,2275
10128,2275
10129,2275
10130,2275
10131,2275
10132,2275
10133,2275
10134,2275
10135,2275
10136,2275
10137,2275
10138,2275
10139,2275
10140,2275
10141,2275
10142,2275
10143,2275
10144,2275
10145,2275
10146,2281
10147,2281
10148,2281
10149,2281
10150,2281
10151,2281
10152,2281
10153,2281
10154,2281
10155,2281
10156,2281
10157,2281
10158,2281
10159,2281
10160,2281
10161,2281
10162,2281
10163,2281
10164,2281
10165,2281
10166,2281
10167,2281
10168,2281
10169,2281
10170,2281
10171,2281
10172,2281
10173,2281
10174,2281
10175,2281
10176,2281
10177,2281
10178,2281
10179,2281
10180,2281
10181,2281
10182,2281
10183,2281
10184,2281
10185,2281
10186,2281
10187,2281
10188,2281
10189,2281
10190,2281
10191,2281
10192,2281
10193,2281
10194,2281
10195,2281
10196,2281
10197,2281
10198,2281
10199,2281
10200,2281
10201,2281
10202,2281
10203,2281
10204,2281
10205,2281
10206,2281
10207,2281
10208,2281
10209,2281
10210,2281
10211,2281
10212,2281
10213,2281
10214,2281
10215,2281
10216,2281
10217,2281
10218,2281
10219,2281
10220,2281
10221,2281
10222,2281
10223,2281
10224,2281
10225,2281
10226,2281
10227,2281
10228,2281
10229,2281
10230,2281
10231,2281
10232,2281
10233,2281
10234,2281
10235,2281
10236,2281
10237,2281
10238,2281
10239,2281
10240,2281
10241,2281
10242,2281
10243,2281
10244,2281
10245,2281
10246,2281
10247,2281
10248,2281
10249,2283
10250,2283
10251,2283
10252,2283
10253,2283
10254,2283
10255,2283
10256,2283
10257,2283
10258,2283
10259,2283
10260,2283
10261,2283
10262,2283
10263,2283
10264,2283
10265,2283
10266,2283
10267,2283
10268,2283
10269,2283
10270,2283
10271,2283
10272,2283
10273,2283
10274,2283
10275,2283
10276,2283
10277,2283
10278,2283
10279,2283
10280,2283
10281,2283
10282,2283
10283,2283
10284,2283
10285,2283
10286,2283
10287,2283
10288,2283
10289,2283
10290,2283
10291,2283
10292,2283
10293,2283
10294,2283
10295,2283
10296,2283
10297,2283
10298,2283
10299,2283
10300,2283
10301,2283
10302,2283
10303,2283
10304,2283
10305,2283
10306,2283
10307,2283
10308,2283
10309,2283
10310,2283
10311,2283
10312,2283
10313,2283
10314,2283
10315,2283
10316,2283
10317,2283
10318,2283
10319,2283
10320,2283
10321,2283
10322,2283
10323,2283
10324,2283
10325,2283
10326,2283
10327,2283
10328,2283
10329,2283
10330,2283
10331,2283
10332,2283
10333,2283
10334,2283
10335,2283
10336,2283
10337,2283
10338,2283
10339,2283
10340,2283
10341,2283
10342,2283
10343,2283
10344,2283
10345,2283
10346,2283
10347,2283
10348,2283
10349,2283
10350,2283
10351,2283
10352,2283
10353,2283
10354,2283
10355,2283
10356,2283
10357,2283
10358,2283
10359,2283
10360,2283
10361,2283
10362,2283
10363,2283
10364,2283
10365,2283
10366,2283
10367,2283
10368,2283
10369,2283
10370,2283
10371,2283
10372,2283
10373,2283
10374,2283
10375,2283
10376,2283
10377,2284
10378,2284
10379,2284
10380,2284
10381,2284
10382,2284
10383,2284
10384,2284
10385,2284
10386,2284
10387,2284
10388,2284
10389,2284
10390,2284
10391,2286
10392,2286
10393,2286
10394,2286
10395,2286
10396,2286
10397,2286
10398,2286
10399,2286
10400,2286
10401,2286
10402,2286
10403,2286
10404,2286
10405,2286
10406,2286
10407,2286
10408,2286
10409,2286
10410,2286
10411,2286
10412,2286
10413,2286
10414,2286
10415,2286
10416,2286
10417,2286
10418,2286
10419,2286
10420,2286
10421,2286
10422,2286
10423,2286
10424,2286
10425,2286
10426,2286
10427,2286
10428,2286
10429,2286
10430,2286
10431,2286
10432,2286
10433,2286
10434,2286
10435,2286
10436,2286
10437,2286
10438,2288
10439,2288
10440,2288
10441,2288
10442,2288
10443,2288
10444,2288
10445,2288
10446,2288
10447,2288
10448,2288
10449,2288
10450,2288
10451,2288
10452,2288
10453,2288
10454,2288
10455,2288
10456,2288
10457,2288
10458,2288
10459,2288
10460,2288
10461,2288
10462,2288
10463,2288
10464,2288
10465,2288
10466,2288
10467,2288
10468,2288
10469,2288
10470,2288
10471,2288
10472,2288
10473,2288
10474,2288
10475,2288
10476,2288
10477,2288
10478,2288
10479,2288
10480,2288
10481,2288
10482,2288
10483,2288
10484,2288
10485,2288
10486,2288
10487,2288
10488,2288
10489,2288
10490,2288
10491,2288
10492,2288
10493,2288
10494,2288
10495,2288
10496,2288
10497,2288
10498,2288
10499,2288
10500,2288
10501,2288
10502,2288
10503,2288
10504,2288
10505,2288
10506,2288
10507,2288
10508,2288
10509,2288
10510,2288
10511,2288
10512,2288
10513,2288
10514,2288
10515,2288
10516,2288
10517,2288
10518,2288
10519,2288
10520,2288
10521,2288
10522,2288
10523,2288
10524,2288
10525,2288
10526,2288
10527,2288
10528,2288
10529,2288
10530,2288
10531,2288
10532,2288
10533,2288
10534,2289
10535,2289
10536,2289
10537,2289
10538,2289
10539,2289
10540,2289
10541,2289
10542,2290
10543,2290
10544,2290
10545,2290
10546,2290
10547,2290
10548,2290
10549,2290
10550,2290
10551,2290
10552,2290
10553,2290
10554,2290
10555,2290
10556,2290
10557,2290
10558,2290
10559,2290
10560,2290
10561,2290
10562,2290
10563,2290
10564,2290
10565,2290
10566,2290
10567,2290
10568,2290
10569,2290
10570,2290
10571,2290
10572,2290
10573,2290
10574,2290
10575,2290
10576,2290
10577,2290
10578,2290
10579,2290
10580,2290
10581,2290
10582,2290
10583,2290
10584,2290
10585,2290
10586,2290
10587,2290
10588,2290
10589,2290
10590,2290
10591,2290
10592,2290
10593,2290
10594,2290
10595,2290
10596,2290
10597,2290
10598,2290
10599,2290
10600,2290
10601,2290
10602,2290
10603,2290
10604,2290
10605,2290
10606,2290
10607,2290
10608,2290
10609,2290
10610,2290
10611,2290
10612,2290
10613,2290
10614,2290
10615,2290
10616,2290
10617,2290
10618,2290
10619,2290
10620,2290
10621,2290
10622,2290
10623,2290
10624,2291
10625,2291
10626,2291
10627,2291
10628,2291
10629,2291
10630,2291
10631,2291
10632,2291
10633,2291
10634,2291
10635,2291
10636,2291
10637,2291
10638,2291
10639,2291
10640,2291
10641,2291
10642,2291
10643,2291
10644,2291
10645,2291
10646,2291
10647,2291
10648,2291
10649,2291
10650,2291
10651,2291
10652,2291
10653,2291
10654,2291
10655,2291
10656,2291
10657,2291
10658,2291
10659,2291
10660,2291
10661,2291
10662,2291
10663,2291
10664,2291
10665,2291
10666,2291
10667,2291
10668,2291
10669,2291
10670,2291
10671,2291
10672,2291
10673,2291
10674,2291
10675,2291
10676,2291
10677,2291
10678,2291
10679,2291
10680,2291
10681,2291
10682,2291
10683,2292
10684,2292
10685,2292
10686,2292
10687,2292
10688,2292
10689,2292
10690,2292
10691,2292
10692,2292
10693,2292
10694,2292
10695,2292
10696,2292
10697,2292
10698,2292
10699,2292
10700,2292
10701,2292
10702,2292
10703,2292
10704,2292
10705,2292
10706,2292
10707,2292
10708,2292
10709,2292
10710,2292
10711,2292
10712,2292
10713,2292
10714,2292
10715,2292
10716,2292
10717,2292
10718,2292
10719,2292
10720,2292
10721,2292
10722,2292
10723,2292
10724,2292
10725,2292
10726,2292
10727,2292
10728,2292
10729,2292
10730,2292
10731,2292
10732,2292
10733,2292
10734,2292
10735,2292
10736,2292
10737,2292
10738,2292
10739,2292
10740,2292
10741,2292
10742,2292
10743,2292
10744,2292
10745,2292
10746,2292
10747,2292
10748,2292
10749,2292
10750,2292
10751,2292
10752,2292
10753,2292
10754,2292
10755,2292
10756,2292
10757,2292
10758,2292
10759,2292
10760,2292
10761,2292
10762,2292
10763,2292
10764,2292
10765,2292
10766,2292
10767,2292
10768,2292
10769,2292
10770,2292
10771,2292
10772,2292
10773,2292
10774,2292
10775,2292
10776,2292
10777,2292
10778,2292
10779,2292
10780,2292
10781,2292
10782,2292
10783,2292
10784,2292
10785,2292
10786,2292
10787,2292
10788,2292
10789,2292
10790,2292
10791,2292
10792,2292
10793,2292
10794,2292
10795,2292
10796,2292
10797,2292
10798,2292
10799,2292
10800,2292
10801,2292
10802,2292
10803,2292
10804,2292
10805,2292
10806,2292
10807,2292
10808,2292
10809,2292
10810,2292
10811,2292
10812,2292
10813,2292
10814,2292
10815,2292
10816,2292
10817,2292
10818,2292
10819,2292
10820,2292
10821,2292
10822,2292
10823,2292
10824,2292
10825,2292
10826,2292
10827,2292
10828,2292
10829,2292
10830,2292
10831,2292
10832,2292
10833,2292
10834,2292
10835,2292
10836,2292
10837,2292
10838,2292
10839,2292
10840,2292
10841,2292
10842,2292
10843,2292
10844,2292
10845,2298
10846,2298
10847,2298
10848,2298
10849,2298
10850,2298
10851,2298
10852,2298
10853,2298
10854,2298
10855,2298
10856,2298
10857,2298
10858,2298
10859,2298
10860,2298
10861,2298
10862,2298
10863,2298
10864,2298
10865,2298
10866,2298
10867,2298
10868,2298
10869,2298
10870,2298
10871,2298
10872,2298
10873,2298
10874,2298
10875,2298
10876,2298
10877,2298
10878,2298
10879,2298
10880,2298
10881,2298
10882,2298
10883,2298
10884,2298
10885,2298
10886,2298
10887,2298
10888,2298
10889,2298
10890,2298
10891,2298
10892,2298
10893,2298
10894,2298
10895,2298
10896,2298
10897,2298
10898,2298
10899,2298
10900,2298
10901,2298
10902,2298
10903,2298
10904,2298
10905,2298
10906,2298
10907,2298
10908,2298
10909,2298
10910,2298
10911,2298
10912,2298
10913,2298
10914,2298
10915,2298
10916,2298
10917,2298
10918,2298
10919,2298
10920,2298
10921,2298
10922,2298
10923,2298
10924,2298
10925,2298
10926,2298
10927,2298
10928,2298
10929,2298
10930,2298
10931,2298
10932,2298
10933,2298
10934,2298
10935,2298
10936,2298
10937,2298
10938,2298
10939,2298
10940,2298
10941,2298
10942,2298
10943,2298
10944,2298
10945,2298
10946,2298
10947,2298
10948,2298
10949,2298
10950,2298
10951,2298
10952,2298
10953,2298
10954,2298
10955,2298
10956,2298
10957,2298
10958,2298
10959,2298
10960,2298
10961,2298
10962,2298
10963,2298
10964,2298
10965,2298
10966,2298
10967,2298
10968,2298
10969,2298
10970,2298
10971,2298
10972,2298
10973,2298
10974,2298
10975,2298
10976,2298
10977,2298
10978,2298
10979,2298
10980,2298
10981,2301
10982,2301
10983,2301
10984,2301
10985,2301
10986,2301
10987,2301
10988,2301
10989,2301
10990,2301
10991,2301
10992,2301
10993,2301
10994,2301
10995,2301
10996,2301
10997,2301
10998,2301
10999,2301
11000,2301
11001,2301
11002,2301
11003,2301
11004,2301
11005,2301
11006,2301
11007,2301
11008,2301
11009,2301
11010,2301
11011,2301
11012,2301
11013,2301
11014,2301
11015,2301
11016,2301
11017,2301
11018,2301
11019,2305
11020,2305
11021,2305
11022,2305
11023,2305
11024,2305
11025,2305
11026,2305
11027,2305
11028,2305
11029,2305
11030,2305
11031,2305
11032,2305
11033,2305
11034,2305
11035,2305
11036,2305
11037,2305
11038,2305
11039,2305
11040,2305
11041,2305
11042,2305
11043,2305
11044,2305
11045,2305
11046,2305
11047,2305
11048,2305
11049,2305
11050,2305
11051,2305
11052,2305
11053,2305
11054,2305
11055,2305
11056,2305
11057,2305
11058,2308
11059,2308
11060,2308
11061,2308
11062,2308
11063,2308
11064,2308
11065,2308
11066,2308
11067,2308
11068,2308
11069,2308
11070,2308
11071,2308
11072,2308
11073,2308
11074,2308
11075,2308
11076,2308
11077,2308
11078,2308
11079,2308
11080,2308
11081,2308
11082,2308
11083,2308
11084,2308
11085,2308
11086,2308
11087,2308
11088,2308
11089,2308
11090,2308
11091,2308
11092,2308
11093,2308
11094,2308
11095,2308
11096,2308
11097,2308
11098,2308
11099,2308
11100,2308
11101,2308
11102,2308
11103,2308
11104,2308
11105,2308
11106,2308
11107,2308
11108,2308
11109,2308
11110,2308
11111,2308
11112,2308
11113,2308
11114,2308
11115,2308
11116,2308
11117,2308
11118,2308
11119,2308
11120,2308
11121,2308
11122,2308
11123,2308
11124,2308
11125,2308
11126,2308
11127,2308
11128,2308
11129,2309
11130,2309
11131,2309
11132,2309
11133,2309
11134,2309
11135,2309
11136,2309
11137,2309
11138,2309
11139,2309
11140,2309
11141,2309
11142,2309
11143,2309
11144,2309
11145,2309
11146,2309
11147,2309
11148,2309
11149,2309
11150,2309
11151,2309
11152,2309
11153,2309
11154,2309
11155,2309
11156,2309
11157,2309
11158,2309
11159,2309
11160,2309
11161,2309
11162,2309
11163,2309
11164,2309
11165,2309
11166,2309
11167,2309
11168,2309
11169,2309
11170,2309
11171,2309
11172,2309
11173,2309
11174,2309
11175,2309
11176,2309
11177,2309
11178,2309
11179,2309
11180,2309
11181,2309
11182,2309
11183,2309
11184,2309
11185,2309
11186,2309
11187,2309
11188,2309
11189,2309
11190,2309
11191,2309
11192,2309
11193,2309
11194,2309
11195,2309
11196,2309
11197,2309
11198,2309
11199,2311
11200,2311
11201,2311
11202,2311
11203,2311
11204,2311
11205,2311
11206,2311
11207,2311
11208,2311
11209,2311
11210,2311
11211,2311
11212,2311
11213,2311
11214,2311
11215,2311
11216,2311
11217,2311
11218,2311
11219,2311
11220,2311
11221,2311
11222,2311
11223,2311
11224,2311
11225,2311
11226,2311
11227,2311
11228,2311
11229,2311
11230,2311
11231,2311
11232,2311
11233,2311
11234,2311
11235,2311
11236,2311
11237,2311
11238,2311
11239,2311
11240,2311
11241,2311
11242,2311
11243,2311
11244,2311
11245,2311
11246,2315
11247,2315
11248,2315
11249,2315
11250,2315
11251,2315
11252,2315
11253,2315
11254,2315
11255,2315
11256,2315
11257,2315
11258,2315
11259,2315
11260,2315
11261,2315
11262,2315
11263,2315
11264,2315
11265,2315
11266,2315
11267,2315
11268,2315
11269,2315
11270,2315
11271,2315
11272,2315
11273,2315
11274,2315
11275,2315
11276,2315
11277,2315
11278,2315
11279,2315
11280,2315
11281,2315
11282,2315
11283,2315
11284,2315
11285,2315
11286,2315
11287,2315
11288,2315
11289,2315
11290,2315
11291,2315
11292,2315
11293,2315
11294,2315
11295,2315
11296,2315
11297,2315
11298,2315
11299,2315
11300,2315
11301,2315
11302,2315
11303,2315
11304,2315
11305,2315
11306,2315
11307,2315
11308,2315
11309,2315
11310,2315
11311,2315
11312,2315
11313,2315
11314,2315
11315,2315
11316,2315
11317,2315
11318,2315
11319,2315
11320,2315
11321,2315
11322,2315
11323,2315
11324,2315
11325,2315
11326,2315
11327,2315
11328,2315
11329,2315
11330,2315
11331,2315
11332,2315
11333,2323
11334,2323
11335,2325
11336,2325
11337,2325
11338,2325
11339,2325
11340,2325
11341,2325
11342,2325
11343,2325
11344,2325
11345,2325
11346,2325
11347,2325
11348,2325
11349,2325
11350,2325
11351,2325
11352,2325
11353,2325
11354,2325
11355,2325
11356,2325
11357,2325
11358,2325
11359,2325
11360,2325
11361,2325
11362,2325
11363,2325
11364,2325
11365,2325
11366,2325
11367,2325
11368,2325
11369,2325
11370,2325
11371,2325
11372,2325
11373,2325
11374,2325
11375,2325
11376,2325
11377,2325
11378,2325
11379,2325
11380,2325
11381,2325
11382,2325
11383,2325
11384,2325
11385,2325
11386,2325
11387,2325
11388,2325
11389,2325
11390,2325
11391,2325
11392,2325
11393,2325
11394,2325
11395,2325
11396,2325
11397,2325
11398,2325
11399,2325
11400,2325
11401,2325
11402,2325
11403,2325
11404,2325
11405,2325
11406,2325
11407,2326
11408,2326
11409,2326
11410,2326
11411,2326
11412,2326
11413,2326
11414,2326
11415,2326
11416,2326
11417,2326
11418,2326
11419,2326
11420,2326
11421,2326
11422,2326
11423,2326
11424,2326
11425,2326
11426,2326
11427,2326
11428,2326
11429,2326
11430,2326
11431,2326
11432,2326
11433,2326
11434,2326
11435,2326
11436,2326
11437,2326
11438,2326
11439,2326
11440,2326
11441,2326
11442,2326
11443,2326
11444,2326
11445,2326
11446,2326
11447,2326
11448,2326
11449,2326
11450,2326
11451,2326
11452,2326
11453,2326
11454,2326
11455,2326
11456,2326
11457,2326
11458,2326
11459,2326
11460,2326
11461,2326
11462,2326
11463,2326
11464,2326
11465,2326
11466,2326
11467,2326
11468,2326
11469,2326
11470,2326
11471,2326
11472,2326
11473,2326
11474,2326
11475,2326
11476,2326
11477,2326
11478,2326
11479,2326
11480,2326
11481,2326
11482,2326
11483,2326
11484,2326
11485,2326
11486,2326
11487,2326
11488,2326
11489,2326
11490,2326
11491,2326
11492,2326
11493,2326
11494,2326
11495,2326
11496,2326
11497,2326
11498,2326
11499,2326
11500,2326
11501,2326
11502,2326
11503,2326
11504,2326
11505,2326
11506,2326
11507,2326
11508,2326
11509,2326
11510,2326
11511,2326
11512,2326
11513,2326
11514,2326
11515,2326
11516,2326
11517,2326
11518,2326
11519,2326
11520,2326
11521,2326
11522,2326
11523,2326
11524,2326
11525,2326
11526,2326
11527,2326
11528,2326
11529,2326
11530,2326
11531,2326
11532,2326
11533,2326
11534,2326
11535,2326
11536,2326
11537,2326
11538,2326
11539,2326
11540,2326
11541,2326
11542,2326
11543,2326
11544,2326
11545,2326
11546,2326
11547,2326
11548,2326
11549,2326
11550,2326
11551,2326
11552,2326
11553,2326
11554,2326
11555,2326
11556,2326
11557,2326
11558,2326
11559,2326
11560,2326
11561,2326
11562,2326
11563,2326
11564,2326
11565,2326
11566,2326
11567,2326
11568,2326
11569,2326
11570,2326
11571,2326
11572,2326
11573,2326
11574,2326
11575,2326
11576,2326
11577,2326
11578,2326
11579,2326
11580,2326
11581,2326
11582,2326
11583,2326
11584,2326
11585,2326
11586,2326
11587,2326
11588,2326
11589,2327
11590,2327
11591,2327
11592,2327
11593,2327
11594,2327
11595,2327
11596,2327
11597,2327
11598,2327
11599,2327
11600,2327
11601,2327
11602,2327
11603,2327
11604,2327
11605,2327
11606,2327
11607,2327
11608,2327
11609,2327
11610,2327
11611,2327
11612,2327
11613,2327
11614,2327
11615,2327
11616,2327
11617,2327
11618,2327
11619,2327
11620,2327
11621,2327
11622,2327
11623,2327
11624,2327
11625,2330
11626,2330
11627,2330
11628,2330
11629,2330
11630,2330
11631,2330
11632,2330
11633,2330
11634,2330
11635,2330
11636,2330
11637,2330
11638,2330
11639,2330
11640,2330
11641,2330
11642,2330
11643,2330
11644,2330
11645,2330
11646,2330
11647,2330
11648,2330
11649,2330
11650,2330
11651,2330
11652,2330
11653,2330
11654,2330
11655,2330
11656,2330
11657,2330
11658,2330
11659,2330
11660,2330
11661,2330
11662,2334
11663,2334
11664,2334
11665,2334
11666,2334
11667,2334
11668,2334
11669,2334
11670,2334
11671,2334
11672,2334
11673,2334
11674,2334
11675,2334
11676,2334
11677,2334
11678,2334
11679,2334
11680,2334
11681,2334
11682,2334
11683,2334
11684,2334
11685,2334
11686,2334
11687,2334
11688,2334
11689,2334
11690,2334
11691,2334
11692,2334
11693,2334
11694,2334
11695,2334
11696,2334
11697,2334
11698,2334
11699,2334
11700,2334
11701,2334
11702,2334
11703,2334
11704,2334
11705,2334
11706,2334
11707,2334
11708,2334
11709,2334
11710,2334
11711,2334
11712,2334
11713,2334
11714,2334
11715,2334
11716,2334
11717,2334
11718,2334
11719,2334
11720,2334
11721,2334
11722,2334
11723,2334
11724,2334
11725,2334
11726,2334
11727,2334
11728,2334
11729,2334
11730,2334
11731,2334
11732,2334
11733,2334
11734,2334
11735,2334
11736,2334
11737,2334
11738,2338
11739,2338
11740,2338
11741,2338
11742,2338
11743,2338
11744,2338
11745,2338
11746,2340
11747,2340
11748,2340
11749,2340
11750,2340
11751,2340
11752,2340
11753,2340
11754,2340
11755,2340
11756,2340
11757,2340
11758,2340
11759,2340
11760,2340
11761,2340
11762,2340
11763,2340
11764,2340
11765,2340
11766,2340
11767,2340
11768,2340
11769,2340
11770,2340
11771,2340
11772,2340
11773,2340
11774,2340
11775,2340
11776,2340
11777,2340
11778,2340
11779,2340
11780,2340
11781,2340
11782,2340
11783,2340
11784,2340
11785,2340
11786,2340
11787,2340
11788,2340
11789,2340
11790,2340
11791,2340
11792,2340
11793,2340
11794,2340
11795,2340
11796,2340
11797,2340
11798,2340
11799,2340
11800,2340
11801,2340
11802,2340
11803,2340
11804,2340
11805,2340
11806,2340
11807,2340
11808,2340
11809,2340
11810,2340
11811,2345
11812,2345
11813,2345
11814,2345
11815,2345
11816,2345
11817,2345
11818,2345
11819,2345
11820,2345
11821,2345
11822,2345
11823,2345
11824,2345
11825,2348
11826,2350
11827,2350
11828,2350
11829,2350
11830,2350
11831,2350
11832,2350
11833,2350
11834,2350
11835,2350
11836,2350
11837,2350
11838,2350
11839,2350
11840,2350
11841,2350
11842,2350
11843,2350
11844,2350
11845,2350
11846,2350
11847,2350
11848,2350
11849,2350
11850,2350
11851,2350
11852,2350
11853,2350
11854,2350
11855,2350
11856,2350
11857,2350
11858,2350
11859,2350
11860,2350
11861,2350
11862,2350
11863,2350
11864,2350
11865,2350
11866,2350
11867,2350
11868,2350
11869,2350
11870,2350
11871,2350
11872,2350
11873,2350
11874,2350
11875,2350
11876,2350
11877,2350
11878,2350
11879,2350
11880,2350
11881,2350
11882,2350
11883,2350
11884,2350
11885,2350
11886,2350
11887,2350
11888,2350
11889,2350
11890,2350
11891,2350
11892,2350
11893,2351
11894,2351
11895,2351
11896,2351
11897,2351
11898,2351
11899,2353
11900,2353
11901,2353
11902,2353
11903,2353
11904,2353
11905,2353
11906,2353
11907,2353
11908,2353
11909,2353
11910,2353
11911,2353
11912,2353
11913,2353
11914,2353
11915,2353
11916,2353
11917,2353
11918,2353
11919,2353
11920,2353
11921,2353
11922,2353
11923,2353
11924,2353
11925,2353
11926,2353
11927,2353
11928,2353
11929,2353
11930,2353
11931,2353
11932,2353
11933,2353
11934,2353
11935,2353
11936,2353
11937,2353
11938,2353
11939,2353
11940,2353
11941,2353
11942,2353
11943,2353
11944,2353
11945,2353
11946,2353
11947,2355
11948,2355
11949,2355
11950,2355
11951,2355
11952,2355
11953,2355
11954,2355
11955,2355
11956,2355
11957,2355
11958,2355
11959,2355
11960,2355
11961,2355
11962,2355
11963,2355
11964,2355
11965,2355
11966,2355
11967,2355
11968,2355
11969,2355
11970,2355
11971,2355
11972,2355
11973,2355
11974,2355
11975,2355
11976,2355
11977,2355
11978,2355
11979,2355
11980,2355
11981,2355
11982,2355
11983,2355
11984,2355
11985,2355
11986,2355
11987,2355
11988,2355
11989,2355
11990,2355
11991,2355
11992,2355
11993,2355
11994,2355
11995,2355
11996,2355
11997,2355
11998,2355
11999,2355
12000,2355
12001,2355
12002,2355
12003,2355
12004,2355
12005,2355
12006,2355
12007,2355
12008,2355
12009,2355
12010,2355
12011,2355
12012,2355
12013,2355
12014,2355
12015,2355
12016,2355
12017,2355
12018,2355
12019,2355
12020,2355
12021,2355
12022,2355
12023,2355
12024,2355
12025,2355
12026,2355
12027,2355
12028,2355
12029,2355
12030,2355
12031,2355
12032,2355
12033,2355
12034,2355
12035,2355
12036,2355
12037,2355
12038,2355
12039,2355
12040,2355
12041,2355
12042,2355
12043,2355
12044,2355
12045,2355
12046,2355
12047,2355
12048,2355
12049,2355
12050,2355
12051,2355
12052,2355
12053,2355
12054,2355
12055,2355
12056,2355
12057,2355
12058,2355
12059,2355
12060,2355
12061,2355
12062,2355
12063,2355
12064,2355
12065,2355
12066,2355
12067,2355
12068,2355
12069,2355
12070,2355
12071,2355
12072,2355
12073,2355
12074,2355
12075,2355
12076,2355
12077,2355
12078,2355
12079,2355
12080,2355
12081,2355
12082,2355
12083,2355
12084,2355
12085,2355
12086,2355
12087,2355
12088,2355
12089,2355
12090,2366
12091,2366
12092,2366
12093,2366
12094,2366
12095,2366
12096,2366
12097,2366
12098,2366
12099,2366
12100,2366
12101,2366
12102,2366
12103,2366
12104,2366
12105,2366
12106,2366
12107,2366
12108,2366
12109,2366
12110,2366
12111,2366
12112,2366
12113,2366
12114,2366
12115,2366
12116,2366
12117,2366
12118,2366
12119,2366
12120,2366
12121,2366
12122,2366
12123,2366
12124,2366
12125,2377
12126,2377
12127,2377
12128,2377
12129,2377
12130,2377
12131,2377
12132,2377
12133,2377
12134,2377
12135,2377
12136,2377
12137,2380
12138,2380
12139,2380
12140,2380
12141,2380
12142,2380
12143,2380
12144,2380
12145,2380
12146,2380
12147,2380
12148,2380
12149,2380
12150,2380
12151,2380
12152,2380
12153,2380
12154,2380
12155,2380
12156,2380
12157,2380
12158,2380
12159,2380
12160,2380
12161,2380
12162,2380
12163,2380
12164,2380
12165,2380
12166,2380
12167,2380
12168,2380
12169,2380
12170,2380
12171,2380
12172,2380
12173,2380
12174,2380
12175,2380
12176,2380
12177,2380
12178,2380
12179,2380
12180,2380
12181,2380
12182,2380
12183,2380
12184,2380
12185,2380
12186,2380
12187,2380
12188,2380
12189,2380
12190,2380
12191,2380
12192,2380
12193,2380
12194,2380
12195,2380
12196,2380
12197,2380
12198,2380
12199,2380
12200,2380
12201,2380
12202,2380
12203,2380
12204,2380
12205,2380
12206,2380
12207,2380
12208,2380
12209,2380
12210,2380
12211,2380
12212,2380
12213,2380
12214,2380
12215,2380
12216,2380
12217,2380
12218,2380
12219,2380
12220,2380
12221,2380
12222,2380
12223,2380
12224,2380
12225,2380
12226,2380
12227,2380
12228,2380
12229,2380
12230,2380
12231,2380
12232,2385
12233,2385
12234,2385
12235,2385
12236,2385
12237,2385
12238,2385
12239,2385
12240,2385
12241,2385
12242,2385
12243,2385
12244,2385
12245,2385
12246,2385
12247,2385
12248,2385
12249,2385
12250,2385
12251,2385
12252,2385
12253,2385
12254,2385
12255,2385
12256,2385
12257,2385
12258,2385
12259,2385
12260,2385
12261,2385
12262,2385
12263,2385
12264,2385
12265,2385
12266,2385
12267,2385
12268,2385
12269,2385
12270,2385
12271,2385
12272,2385
12273,2385
12274,2385
12275,2385
12276,2385
12277,2385
12278,2385
12279,2385
12280,2385
12281,2385
12282,2385
12283,2385
12284,2389
12285,2389
12286,2389
12287,2389
12288,2389
12289,2389
12290,2389
12291,2389
12292,2389
12293,2389
12294,2389
12295,2389
12296,2389
12297,2389
12298,2389
12299,2389
12300,2389
12301,2389
12302,2389
12303,2389
12304,2389
12305,2389
12306,2389
12307,2389
12308,2389
12309,2389
12310,2389
12311,2389
12312,2389
12313,2389
12314,2389
12315,2389
12316,2389
12317,2389
12318,2389
12319,2389
12320,2389
12321,2389
12322,2389
12323,2389
12324,2389
12325,2389
12326,2389
12327,2389
12328,2389
12329,2389
12330,2389
12331,2389
12332,2389
12333,2389
12334,2389
12335,2389
12336,2389
12337,2389
12338,2389
12339,2389
12340,2389
12341,2389
12342,2389
12343,2389
12344,2389
12345,2389
12346,2389
12347,2389
12348,2389
12349,2389
12350,2389
12351,2389
12352,2389
12353,2389
12354,2389
12355,2389
12356,2389
12357,2389
12358,2389
12359,2389
12360,2389
12361,2389
12362,2389
12363,2389
12364,2389
12365,2389
12366,2389
12367,2389
12368,2389
12369,2389
12370,2389
12371,2389
12372,2389
12373,2389
12374,2389
12375,2389
12376,2389
12377,2389
12378,2389
12379,2389
12380,2389
12381,2389
12382,2389
12383,2389
12384,2389
12385,2389
12386,2389
12387,2389
12388,2389
12389,2389
12390,2389
12391,2389
12392,2389
12393,2389
12394,2389
12395,2389
12396,2389
12397,2389
12398,2389
12399,2389
12400,2389
12401,2389
12402,2389
12403,2389
12404,2389
12405,2389
12406,2389
12407,2389
12408,2389
12409,2389
12410,2389
12411,2389
12412,2389
12413,2389
12414,2389
12415,2389
12416,2389
12417,2389
12418,2389
12419,2389
12420,2389
12421,2389
12422,2389
12423,2389
12424,2389
12425,2389
12426,2389
12427,2389
12428,2389
12429,2389
12430,2389
12431,2389
12432,2389
12433,2389
12434,2389
12435,2389
12436,2389
12437,2389
12438,2389
12439,2389
12440,2389
12441,2389
12442,2389
12443,2389
12444,2389
12445,2389
12446,2389
12447,2389
12448,2389
12449,2389
12450,2389
12451,2389
12452,2389
12453,2389
12454,2389
12455,2389
12456,2389
12457,2389
12458,2389
12459,2389
12460,2389
12461,2389
12462,2389
12463,2389
12464,2389
12465,2389
12466,2389
12467,2389
12468,2389
12469,2389
12470,2389
12471,2389
12472,2389
12473,2389
12474,2389
12475,2389
12476,2389
12477,2389
12478,2389
12479,2389
12480,2389
12481,2389
12482,2389
12483,2389
12484,2389
12485,2389
12486,2389
12487,2389
12488,2389
12489,2389
12490,2389
12491,2389
12492,2389
12493,2389
12494,2389
12495,2389
12496,2389
12497,2389
12498,2389
12499,2389
12500,2389
12501,2389
12502,2389
12503,2389
12504,2389
12505,2389
12506,2389
12507,2389
12508,2389
12509,2389
12510,2389
12511,2389
12512,2389
12513,2389
12514,2389
12515,2389
12516,2389
12517,2389
12518,2389
12519,2389
12520,2389
12521,2389
12522,2389
12523,2389
12524,2389
12525,2389
12526,2389
12527,2389
12528,2393
12529,2393
12530,2393
12531,2393
12532,2393
12533,2393
12534,2393
12535,2393
12536,2393
12537,2393
12538,2393
12539,2393
12540,2393
12541,2393
12542,2393
12543,2393
12544,2393
12545,2393
12546,2393
12547,2393
12548,2393
12549,2393
12550,2393
12551,2393
12552,2393
12553,2393
12554,2393
12555,2393
12556,2393
12557,2393
12558,2393
12559,2393
12560,2393
12561,2393
12562,2393
12563,2393
12564,2393
12565,2393
12566,2393
12567,2393
12568,2393
12569,2393
12570,2393
12571,2393
12572,2393
12573,2393
12574,2393
12575,2393
12576,2393
12577,2393
12578,2393
12579,2393
12580,2393
12581,2393
12582,2393
12583,2393
12584,2393
12585,2393
12586,2393
12587,2393
12588,2393
12589,2393
12590,2393
12591,2393
12592,2393
12593,2393
12594,2393
12595,2393
12596,2393
12597,2393
12598,2393
12599,2393
12600,2393
12601,2393
12602,2393
12603,2393
12604,2393
12605,2393
12606,2393
12607,2393
12608,2393
12609,2393
12610,2393
12611,2393
12612,2393
12613,2393
12614,2393
12615,2393
12616,2393
12617,2393
12618,2393
12619,2393
12620,2393
12621,2393
12622,2393
12623,2393
12624,2393
12625,2393
12626,2393
12627,2393
12628,2393
12629,2393
12630,2393
12631,2393
12632,2393
12633,2393
12634,2393
12635,2393
12636,2393
12637,2393
12638,2393
12639,2393
12640,2393
12641,2393
12642,2393
12643,2393
12644,2393
12645,2393
12646,2393
12647,2393
12648,2393
12649,2393
12650,2393
12651,2393
12652,2393
12653,2393
12654,2393
12655,2393
12656,2393
12657,2393
12658,2393
12659,2393
12660,2393
12661,2393
12662,2393
12663,2393
12664,2393
12665,2393
12666,2393
12667,2393
12668,2393
12669,2393
12670,2393
12671,2393
12672,2393
12673,2393
12674,2393
12675,2393
12676,2393
12677,2393
12678,2393
12679,2393
12680,2393
12681,2393
12682,2393
12683,2393
12684,2393
12685,2393
12686,2393
12687,2393
12688,2393
12689,2393
12690,2393
12691,2393
12692,2393
12693,2393
12694,2393
12695,2393
12696,2393
12697,2393
12698,2393
12699,2393
12700,2393
12701,2394
12702,2394
12703,2394
12704,2394
12705,2394
12706,2394
12707,2394
12708,2394
12709,2394
12710,2394
12711,2394
12712,2394
12713,2394
12714,2394
12715,2394
12716,2394
12717,2394
12718,2394
12719,2394
12720,2394
12721,2394
12722,2394
12723,2394
12724,2394
12725,2394
12726,2394
12727,2394
12728,2394
12729,2394
12730,2394
12731,2394
12732,2394
12733,2394
12734,2394
12735,2394
12736,2394
12737,2394
12738,2394
12739,2394
12740,2394
12741,2394
12742,2394
12743,2394
12744,2394
12745,2394
12746,2394
12747,2394
12748,2394
12749,2394
12750,2394
12751,2394
12752,2394
12753,2394
12754,2394
12755,2394
12756,2394
12757,2394
12758,2394
12759,2394
12760,2394
12761,2394
12762,2394
12763,2394
12764,2394
12765,2394
12766,2394
12767,2394
12768,2394
12769,2394
12770,2394
12771,2394
12772,2394
12773,2394
12774,2394
12775,2394
12776,2394
12777,2394
12778,2394
12779,2394
12780,2394
12781,2394
12782,2394
12783,2394
12784,2394
12785,2394
12786,2394
12787,2394
12788,2394
12789,2394
12790,2394
12791,2394
12792,2394
12793,2394
12794,2394
12795,2394
12796,2394
12797,2394
12798,2394
12799,2394
12800,2394
12801,2394
12802,2394
12803,2394
12804,2394
12805,2394
12806,2394
12807,2394
12808,2394
12809,2394
12810,2394
12811,2394
12812,2394
12813,2394
12814,2394
12815,2394
12816,2394
12817,2394
12818,2394
12819,2394
12820,2394
12821,2394
12822,2394
12823,2394
12824,2394
12825,2394
12826,2394
12827,2394
12828,2394
12829,2394
12830,2394
12831,2394
12832,2394
12833,2394
12834,2394
12835,2394
12836,2394
12837,2394
12838,2394
12839,2394
12840,2394
12841,2394
12842,2394
12843,2394
12844,2394
12845,2394
12846,2394
12847,2394
12848,2394
12849,2394
12850,2394
12851,2394
12852,2394
12853,2394
12854,2394
12855,2394
12856,2394
12857,2394
12858,2394
12859,2394
12860,2394
12861,2394
12862,2394
12863,2394
12864,2394
12865,2394
12866,2394
12867,2394
12868,2394
12869,2394
12870,2394
12871,2394
12872,2394
12873,2394
12874,2394
12875,2394
12876,2394
12877,2394
12878,2394
12879,2394
12880,2394
12881,2394
12882,2394
12883,2394
12884,2394
12885,2394
12886,2394
12887,2394
12888,2394
12889,2394
12890,2394
12891,2394
12892,2394
12893,2394
12894,2394
12895,2394
12896,2394
12897,2394
12898,2394
12899,2394
12900,2394
12901,2394
12902,2394
12903,2394
12904,2394
12905,2394
12906,2394
12907,2396
12908,2396
12909,2396
12910,2396
12911,2398
12912,2398
12913,2398
12914,2398
12915,2398
12916,2398
12917,2398
12918,2398
12919,2398
12920,2398
12921,2398
12922,2398
12923,2398
12924,2398
12925,2398
12926,2398
12927,2398
12928,2398
12929,2398
12930,2398
12931,2398
12932,2398
12933,2398
12934,2398
12935,2398
12936,2398
12937,2398
12938,2398
12939,2398
12940,2398
12941,2398
12942,2398
12943,2398
12944,2398
12945,2398
12946,2398
12947,2398
12948,2399
12949,2399
12950,2399
12951,2399
12952,2399
12953,2399
12954,2399
12955,2399
12956,2399
12957,2399
12958,2399
12959,2399
12960,2399
12961,2399
12962,2399
12963,2399
12964,2399
12965,2399
12966,2403
12967,2403
12968,2403
12969,2403
12970,2403
12971,2403
12972,2403
12973,2403
12974,2403
12975,2403
12976,2403
12977,2403
12978,2403
12979,2403
12980,2403
12981,2403
12982,2403
12983,2403
12984,2403
12985,2403
12986,2403
12987,2403
12988,2403
12989,2403
12990,2403
12991,2403
12992,2403
12993,2403
12994,2403
12995,2403
12996,2403
12997,2403
12998,2403
12999,2403
13000,2403
13001,2403
13002,2403
13003,2403
13004,2403
13005,2403
13006,2403
13007,2403
13008,2403
13009,2403
13010,2403
13011,2403
13012,2403
13013,2403
13014,2403
13015,2403
13016,2403
13017,2403
13018,2403
13019,2403
13020,2403
13021,2403
13022,2403
13023,2403
13024,2403
13025,2403
13026,2403
13027,2403
13028,2403
13029,2403
13030,2403
13031,2403
13032,2403
13033,2403
13034,2403
13035,2403
13036,2403
13037,2403
13038,2403
13039,2403
13040,2403
13041,2403
13042,2403
13043,2403
13044,2403
13045,2403
13046,2403
13047,2403
13048,2403
13049,2403
13050,2403
13051,2403
13052,2403
13053,2403
13054,2403
13055,2403
13056,2403
13057,2403
13058,2403
13059,2403
13060,2403
13061,2403
13062,2403
13063,2403
13064,2403
13065,2403
13066,2403
13067,2403
13068,2403
13069,2403
13070,2403
13071,2403
13072,2403
13073,2403
13074,2403
13075,2403
13076,2403
13077,2403
13078,2403
13079,2403
13080,2403
13081,2403
13082,2403
13083,2403
13084,2403
13085,2403
13086,2403
13087,2403
13088,2403
13089,2403
13090,2403
13091,2409
13092,2409
13093,2409
13094,2409
13095,2409
13096,2409
13097,2409
13098,2409
13099,2409
13100,2409
13101,2409
13102,2409
13103,2409
13104,2409
13105,2415
13106,2415
13107,2415
13108,2415
13109,2415
13110,2415
13111,2415
13112,2415
13113,2415
13114,2415
13115,2415
13116,2415
13117,2415
13118,2415
13119,2415
13120,2415
13121,2415
13122,2415
13123,2415
13124,2415
13125,2415
13126,2415
13127,2415
13128,2415
13129,2415
13130,2415
13131,2415
13132,2415
13133,2415
13134,2415
13135,2415
13136,2415
13137,2415
13138,2415
13139,2415
13140,2415
13141,2415
13142,2415
13143,2415
13144,2415
13145,2415
13146,2415
13147,2415
13148,2415
13149,2415
13150,2415
13151,2415
13152,2415
13153,2415
13154,2415
13155,2415
13156,2415
13157,2415
13158,2415
13159,2415
13160,2415
13161,2415
13162,2415
13163,2415
13164,2415
13165,2415
13166,2415
13167,2415
13168,2415
13169,2415
13170,2415
13171,2415
13172,2415
13173,2415
13174,2415
13175,2415
13176,2415
13177,2415
13178,2415
13179,2415
13180,2415
13181,2415
13182,2415
13183,2415
13184,2415
13185,2415
13186,2415
13187,2415
13188,2417
13189,2417
13190,2417
13191,2417
13192,2417
13193,2417
13194,2417
13195,2417
13196,2417
13197,2417
13198,2417
13199,2417
13200,2417
13201,2417
13202,2417
13203,2417
13204,2417
13205,2417
13206,2417
13207,2417
13208,2417
13209,2417
13210,2417
13211,2417
13212,2417
13213,2417
13214,2417
13215,2417
13216,2417
13217,2417
13218,2417
13219,2417
13220,2417
13221,2417
13222,2417
13223,2417
13224,2417
13225,2417
13226,2417
13227,2417
13228,2417
13229,2417
13230,2417
13231,2417
13232,2417
13233,2417
13234,2417
13235,2417
13236,2424
13237,2424
13238,2424
13239,2424
13240,2424
13241,2424
13242,2424
13243,2424
13244,2424
13245,2424
13246,2424
13247,2424
13248,2424
13249,2424
13250,2424
13251,2424
13252,2424
13253,2424
13254,2424
13255,2424
13256,2424
13257,2424
13258,2424
13259,2424
13260,2424
13261,2424
13262,2424
13263,2424
13264,2424
13265,2424
13266,2424
13267,2424
13268,2424
13269,2424
13270,2424
13271,2424
13272,2424
13273,2424
13274,2424
13275,2424
13276,2424
13277,2424
13278,2430
13279,2430
13280,2430
13281,2430
13282,2430
13283,2430
13284,2430
13285,2430
13286,2430
13287,2430
13288,2430
13289,2430
13290,2430
13291,2430
13292,2430
13293,2430
13294,2432
13295,2432
13296,2432
13297,2432
13298,2432
13299,2432
13300,2432
13301,2432
13302,2432
13303,2432
13304,2432
13305,2432
13306,2432
13307,2432
13308,2432
13309,2432
13310,2432
13311,2432
13312,2432
13313,2432
13314,2432
13315,2432
13316,2432
13317,2432
13318,2432
13319,2432
13320,2432
13321,2432
13322,2432
13323,2432
13324,2432
13325,2432
13326,2432
13327,2432
13328,2432
13329,2432
13330,2432
13331,2432
13332,2432
13333,2432
13334,2432
13335,2432
13336,2432
13337,2432
13338,2432
13339,2432
13340,2432
13341,2432
13342,2432
13343,2432
13344,2432
13345,2432
13346,2432
13347,2432
13348,2432
13349,2432
13350,2432
13351,2432
13352,2432
13353,2432
13354,2432
13355,2432
13356,2432
13357,2432
13358,2432
13359,2432
13360,2432
13361,2432
13362,2432
13363,2432
13364,2432
13365,2432
13366,2432
13367,2432
13368,2432
13369,2432
13370,2432
13371,2432
13372,2432
13373,2432
13374,2432
13375,2432
13376,2432
13377,2432
13378,2432
13379,2432
13380,2432
13381,2432
13382,2432
13383,2432
13384,2432
13385,2432
13386,2432
13387,2432
13388,2432
13389,2432
13390,2432
13391,2432
13392,2432
13393,2432
13394,2432
13395,2432
13396,2432
13397,2432
13398,2432
13399,2432
13400,2432
13401,2432
13402,2432
13403,2432
13404,2432
13405,2432
13406,2432
13407,2432
13408,2432
13409,2432
13410,2432
13411,2432
13412,2432
13413,2432
13414,2432
13415,2432
13416,2432
13417,2432
13418,2432
13419,2432
13420,2432
13421,2432
13422,2432
13423,2432
13424,2432
13425,2432
13426,2432
13427,2432
13428,2432
13429,2432
13430,2432
13431,2432
13432,2432
13433,2432
13434,2432
13435,2432
13436,2432
13437,2432
13438,2434
13439,2434
13440,2434
13441,2434
13442,2434
13443,2434
13444,2434
13445,2434
13446,2434
13447,2434
13448,2434
13449,2434
13450,2434
13451,2434
13452,2434
13453,2434
13454,2434
13455,2434
13456,2434
13457,2434
13458,2434
13459,2434
13460,2434
13461,2434
13462,2434
13463,2434
13464,2434
13465,2434
13466,2434
13467,2434
13468,2434
13469,2434
13470,2434
13471,2434
13472,2434
13473,2434
13474,2434
13475,2434
13476,2434
13477,2434
13478,2434
13479,2434
13480,2434
13481,2434
13482,2434
13483,2434
13484,2434
13485,2434
13486,2434
13487,2434
13488,2434
13489,2434
13490,2434
13491,2434
13492,2434
13493,2434
13494,2434
13495,2434
13496,2434
13497,2434
13498,2434
13499,2434
13500,2434
13501,2434
13502,2434
13503,2434
13504,2434
13505,2434
13506,2434
13507,2434
13508,2434
13509,2434
13510,2434
13511,2434
13512,2434
13513,2434
13514,2434
13515,2434
13516,2434
13517,2434
13518,2434
13519,2434
13520,2434
13521,2434
13522,2434
13523,2434
13524,2434
13525,2434
13526,2434
13527,2434
13528,2434
13529,2434
13530,2434
13531,2434
13532,2434
13533,2434
13534,2434
13535,2434
13536,2434
13537,2434
13538,2434
13539,2434
13540,2434
13541,2434
13542,2434
13543,2434
13544,2434
13545,2434
13546,2434
13547,2434
13548,2434
13549,2434
13550,2434
13551,2434
13552,2434
13553,2434
13554,2434
13555,2434
13556,2434
13557,2434
13558,2434
13559,2434
13560,2434
13561,2434
13562,2434
13563,2434
13564,2434
13565,2434
13566,2434
13567,2434
13568,2434
13569,2434
13570,2434
13571,2434
13572,2434
13573,2434
13574,2434
13575,2434
13576,2434
13577,2434
13578,2434
13579,2434
13580,2434
13581,2434
13582,2434
13583,2434
13584,2434
13585,2434
13586,2434
13587,2434
13588,2434
13589,2434
13590,2434
13591,2434
13592,2434
13593,2434
13594,2434
13595,2434
13596,2434
13597,2434
13598,2434
13599,2434
13600,2434
13601,2434
13602,2434
13603,2434
13604,2434
13605,2434
13606,2434
13607,2434
13608,2434
13609,2434
13610,2434
13611,2434
13612,2434
13613,2434
13614,2434
13615,2434
13616,2434
13617,2434
13618,2434
13619,2434
13620,2434
13621,2434
13622,2434
13623,2434
13624,2434
13625,2434
13626,2434
13627,2434
13628,2434
13629,2434
13630,2434
13631,2434
13632,2434
13633,2434
13634,2434
13635,2434
13636,2434
13637,2434
13638,2434
13639,2434
13640,2434
13641,2434
13642,2434
13643,2434
13644,2434
13645,2434
13646,2434
13647,2434
13648,2434
13649,2434
13650,2434
13651,2434
13652,2434
13653,2434
13654,2434
13655,2434
13656,2434
13657,2434
13658,2434
13659,2434
13660,2434
13661,2434
13662,2434
13663,2434
13664,2434
13665,2434
13666,2434
13667,2434
13668,2434
13669,2434
13670,2434
13671,2434
13672,2434
13673,2434
13674,2434
13675,2434
13676,2434
13677,2434
13678,2434
13679,2434
13680,2434
13681,2434
13682,2434
13683,2434
13684,2434
13685,2434
13686,2434
13687,2434
13688,2434
13689,2434
13690,2434
13691,2434
13692,2434
13693,2434
13694,2434
13695,2434
13696,2434
13697,2434
13698,2437
13699,2437
13700,2437
13701,2437
13702,2437
13703,2437
13704,2437
13705,2437
13706,2437
13707,2437
13708,2437
13709,2437
13710,2437
13711,2437
13712,2437
13713,2437
13714,2437
13715,2437
13716,2437
13717,2437
13718,2437
13719,2437
13720,2437
13721,2437
13722,2437
13723,2437
13724,2437
13725,2437
13726,2437
13727,2437
13728,2437
13729,2437
13730,2437
13731,2437
13732,2437
13733,2437
13734,2437
13735,2437
13736,2437
13737,2437
13738,2437
13739,2437
13740,2437
13741,2437
13742,2437
13743,2437
13744,2437
13745,2437
13746,2437
13747,2437
13748,2437
13749,2437
13750,2437
13751,2437
13752,2437
13753,2437
13754,2437
13755,2437
13756,2437
13757,2437
13758,2437
13759,2437
13760,2437
13761,2437
13762,2437
13763,2437
13764,2437
13765,2437
13766,2437
13767,2437
13768,2437
13769,2437
13770,2437
13771,2437
13772,2437
13773,2437
13774,2437
13775,2437
13776,2437
13777,2437
13778,2437
13779,2437
13780,2437
13781,2437
13782,2437
13783,2437
13784,2437
13785,2437
13786,2437
13787,2437
13788,2437
13789,2437
13790,2437
13791,2437
13792,2439
13793,2439
13794,2439
13795,2439
13796,2439
13797,2439
13798,2439
13799,2439
13800,2439
13801,2439
13802,2439
13803,2439
13804,2439
13805,2439
13806,2439
13807,2439
13808,2439
13809,2439
13810,2439
13811,2439
13812,2439
13813,2439
13814,2439
13815,2439
13816,2439
13817,2439
13818,2439
13819,2439
13820,2439
13821,2439
13822,2439
13823,2439
13824,2439
13825,2439
13826,2439
13827,2439
13828,2439
13829,2439
13830,2439
13831,2439
13832,2439
13833,2439
13834,2439
13835,2439
13836,2439
13837,2439
13838,2439
13839,2439
13840,2439
13841,2439
13842,2439
13843,2439
13844,2439
13845,2439
13846,2439
13847,2439
13848,2439
13849,2439
13850,2441
13851,2441
13852,2441
13853,2441
13854,2441
13855,2441
13856,2441
13857,2441
13858,2441
13859,2441
13860,2441
13861,2441
13862,2441
13863,2441
13864,2441
13865,2441
13866,2441
13867,2441
13868,2441
13869,2441
13870,2441
13871,2441
13872,2441
13873,2441
13874,2441
13875,2441
13876,2441
13877,2441
13878,2441
13879,2441
13880,2441
13881,2441
13882,2441
13883,2441
13884,2441
13885,2441
13886,2441
13887,2441
13888,2441
13889,2441
13890,2441
13891,2441
13892,2441
13893,2441
13894,2441
13895,2441
13896,2441
13897,2441
13898,2441
13899,2441
13900,2441
13901,2441
13902,2441
13903,2441
13904,2441
13905,2441
13906,2441
13907,2441
13908,2441
13909,2441
13910,2441
13911,2441
13912,2441
13913,2441
13914,2441
13915,2441
13916,2441
13917,2441
13918,2441
13919,2441
13920,2441
13921,2441
13922,2441
13923,2441
13924,2441
13925,2441
13926,2441
13927,2441
13928,2441
13929,2441
13930,2441
13931,2441
13932,2441
13933,2441
13934,2441
13935,2441
13936,2441
13937,2441
13938,2441
13939,2441
13940,2441
13941,2441
13942,2441
13943,2441
13944,2441
13945,2441
13946,2441
13947,2441
13948,2441
13949,2441
13950,2441
13951,2441
13952,2441
13953,2441
13954,2441
13955,2441
13956,2441
13957,2441
13958,2441
13959,2441
13960,2441
13961,2441
13962,2441
13963,2441
13964,2441
13965,2441
13966,2441
13967,2441
13968,2441
13969,2441
13970,2441
13971,2441
13972,2441
13973,2441
13974,2441
13975,2441
13976,2441
13977,2441
13978,2441
13979,2441
13980,2441
13981,2441
13982,2441
13983,2441
13984,2441
13985,2441
13986,2441
13987,2441
13988,2441
13989,2441
13990,2441
13991,2441
13992,2441
13993,2441
13994,2441
13995,2441
13996,2441
13997,2441
13998,2441
13999,2441
14000,2441
14001,2441
14002,2441
14003,2441
14004,2441
14005,2441
14006,2441
14007,2441
14008,2441
14009,2441
14010,2441
14011,2441
14012,2441
14013,2441
14014,2441
14015,2441
14016,2441
14017,2441
14018,2441
14019,2441
14020,2441
14021,2441
14022,2441
14023,2441
14024,2441
14025,2441
14026,2441
14027,2441
14028,2441
14029,2441
14030,2441
14031,2441
14032,2441
14033,2441
14034,2441
14035,2441
14036,2441
14037,2441
14038,2441
14039,2441
14040,2441
14041,2441
14042,2441
14043,2441
14044,2441
14045,2441
14046,2441
14047,2441
14048,2441
14049,2441
14050,2441
14051,2441
14052,2441
14053,2441
14054,2441
14055,2441
14056,2441
14057,2441
14058,2441
14059,2441
14060,2441
14061,2441
14062,2441
14063,2441
14064,2441
14065,2441
14066,2441
14067,2441
14068,2441
14069,2441
14070,2441
14071,2441
14072,2441
14073,2441
14074,2441
14075,2441
14076,2441
14077,2441
14078,2441
14079,2441
14080,2441
14081,2441
14082,2441
14083,2441
14084,2441
14085,2441
14086,2441
14087,2441
14088,2441
14089,2441
14090,2441
14091,2441
14092,2441
14093,2441
14094,2441
14095,2441
14096,2441
14097,2441
14098,2441
14099,2441
14100,2441
14101,2441
14102,2441
14103,2441
14104,2441
14105,2441
14106,2441
14107,2441
14108,2441
14109,2441
14110,2441
14111,2441
14112,2441
14113,2441
14114,2441
14115,2441
14116,2441
14117,2441
14118,2441
14119,2441
14120,2441
14121,2441
14122,2441
14123,2441
14124,2441
14125,2441
14126,2441
14127,2441
14128,2441
14129,2441
14130,2441
14131,2441
14132,2441
14133,2441
14134,2441
14135,2441
14136,2441
14137,2441
14138,2441
14139,2441
14140,2441
14141,2441
14142,2441
14143,2441
14144,2441
14145,2441
14146,2441
14147,2441
14148,2441
14149,2441
14150,2441
14151,2441
14152,2441
14153,2441
14154,2441
14155,2441
14156,2441
14157,2441
14158,2441
14159,2441
14160,2441
14161,2441
14162,2441
14163,2441
14164,2441
14165,2441
14166,2441
14167,2441
14168,2441
14169,2441
14170,2441
14171,2441
14172,2441
14173,2441
14174,2441
14175,2441
14176,2441
14177,2441
14178,2441
14179,2441
14180,2441
14181,2441
14182,2441
14183,2441
14184,2441
14185,2441
14186,2441
14187,2441
14188,2441
14189,2441
14190,2441
14191,2441
14192,2441
14193,2441
14194,2441
14195,2441
14196,2441
14197,2441
14198,2441
14199,2441
14200,2441
14201,2441
14202,2441
14203,2441
14204,2441
14205,2441
14206,2441
14207,2441
14208,2441
14209,2441
14210,2441
14211,2443
14212,2443
14213,2443
14214,2443
14215,2443
14216,2443
14217,2443
14218,2443
14219,2443
14220,2443
14221,2443
14222,2443
14223,2443
14224,2443
14225,2443
14226,2443
14227,2443
14228,2443
14229,2443
14230,2443
14231,2443
14232,2443
14233,2443
14234,2443
14235,2443
14236,2443
14237,2443
14238,2443
14239,2443
14240,2443
14241,2443
14242,2443
14243,2443
14244,2443
14245,2443
14246,2443
14247,2443
14248,2443
14249,2443
14250,2443
14251,2443
14252,2444
14253,2444
14254,2444
14255,2444
14256,2444
14257,2444
14258,2444
14259,2444
14260,2444
14261,2444
14262,2444
14263,2444
14264,2444
14265,2444
14266,2444
14267,2444
14268,2444
14269,2444
14270,2444
14271,2444
14272,2444
14273,2444
14274,2444
14275,2444
14276,2444
14277,2444
14278,2444
14279,2444
14280,2444
14281,2444
14282,2444
14283,2444
14284,2444
14285,2444
14286,2444
14287,2444
14288,2444
14289,2444
14290,2444
14291,2444
14292,2444
14293,2445
14294,2445
14295,2445
14296,2445
14297,2445
14298,2445
14299,2445
14300,2445
14301,2445
14302,2448
14303,2448
14304,2448
14305,2448
14306,2448
14307,2448
14308,2448
14309,2448
14310,2448
14311,2448
14312,2448
14313,2448
14314,2448
14315,2448
14316,2448
14317,2448
14318,2448
14319,2448
14320,2448
14321,2448
14322,2448
14323,2448
14324,2448
14325,2448
14326,2448
14327,2448
14328,2448
14329,2448
14330,2448
14331,2448
14332,2448
14333,2448
14334,2448
14335,2448
14336,2448
14337,2448
14338,2448
14339,2448
14340,2448
14341,2448
14342,2448
14343,2448
14344,2448
14345,2448
14346,2448
14347,2448
14348,2448
14349,2448
14350,2448
14351,2448
14352,2448
14353,2448
14354,2448
14355,2448
14356,2448
14357,2448
14358,2448
14359,2448
14360,2449
14361,2449
14362,2449
14363,2449
14364,2449
14365,2449
14366,2449
14367,2449
14368,2449
14369,2449
14370,2449
14371,2449
14372,2449
14373,2449
14374,2449
14375,2449
14376,2449
14377,2449
14378,2449
14379,2449
14380,2449
14381,2449
14382,2449
14383,2449
14384,2449
14385,2449
14386,2449
14387,2449
14388,2449
14389,2449
14390,2449
14391,2449
14392,2449
14393,2449
14394,2449
14395,2449
14396,2449
14397,2449
14398,2449
14399,2449
14400,2449
14401,2449
14402,2449
14403,2449
14404,2455
14405,2455
14406,2455
14407,2455
14408,2455
14409,2455
14410,2455
14411,2455
14412,2455
14413,2455
14414,2455
14415,2455
14416,2455
14417,2455
14418,2455
14419,2455
14420,2455
14421,2455
14422,2455
14423,2455
14424,2455
14425,2455
14426,2455
14427,2455
14428,2455
14429,2455
14430,2455
14431,2455
14432,2455
14433,2455
14434,2455
14435,2455
14436,2455
14437,2455
14438,2455
14439,2455
14440,2455
14441,2455
14442,2455
14443,2455
14444,2455
14445,2455
14446,2455
14447,2455
14448,2455
14449,2455
14450,2455
14451,2455
14452,2455
14453,2455
14454,2455
14455,2455
14456,2455
14457,2455
14458,2455
14459,2455
14460,2455
14461,2455
14462,2455
14463,2455
14464,2455
14465,2455
14466,2455
14467,2455
14468,2455
14469,2455
14470,2455
14471,2455
14472,2455
14473,2455
14474,2455
14475,2455
14476,2455
14477,2455
14478,2455
14479,2455
14480,2455
14481,2455
14482,2455
14483,2455
14484,2455
14485,2455
14486,2455
14487,2455
14488,2455
14489,2455
14490,2455
14491,2455
14492,2455
14493,2455
14494,2455
14495,2455
14496,2455
14497,2455
14498,2455
14499,2455
14500,2455
14501,2455
14502,2455
14503,2455
14504,2455
14505,2455
14506,2455
14507,2455
14508,2455
14509,2455
14510,2455
14511,2455
14512,2455
14513,2455
14514,2455
14515,2455
14516,2455
14517,2455
14518,2455
14519,2455
14520,2455
14521,2455
14522,2455
14523,2455
14524,2455
14525,2455
14526,2455
14527,2455
14528,2455
14529,2455
14530,2455
14531,2455
14532,2455
14533,2455
14534,2455
14535,2455
14536,2455
14537,2455
14538,2455
14539,2455
14540,2455
14541,2455
14542,2455
14543,2455
14544,2455
14545,2455
14546,2455
14547,2455
14548,2455
14549,2455
14550,2455
14551,2455
14552,2455
14553,2455
14554,2455
14555,2455
14556,2455
14557,2455
14558,2455
14559,2455
14560,2455
14561,2455
14562,2455
14563,2455
14564,2455
14565,2455
14566,2455
14567,2455
14568,2455
14569,2455
14570,2455
14571,2455
14572,2455
14573,2455
14574,2455
14575,2455
14576,2456
14577,2456
14578,2456
14579,2456
14580,2456
14581,2456
14582,2456
14583,2456
14584,2456
14585,2456
14586,2456
14587,2456
14588,2456
14589,2456
14590,2456
14591,2456
14592,2456
14593,2456
14594,2456
14595,2456
14596,2456
14597,2456
14598,2456
14599,2456
14600,2456
14601,2456
14602,2456
14603,2456
14604,2456
14605,2456
14606,2456
14607,2456
14608,2456
14609,2456
14610,2456
14611,2456
14612,2456
14613,2456
14614,2456
14615,2456
14616,2456
14617,2456
14618,2456
14619,2456
14620,2456
14621,2456
14622,2456
14623,2456
14624,2456
14625,2456
14626,2456
14627,2456
14628,2456
14629,2456
14630,2456
14631,2456
14632,2456
14633,2456
14634,2456
14635,2456
14636,2456
14637,2456
14638,2456
14639,2456
14640,2456
14641,2456
14642,2456
14643,2456
14644,2456
14645,2456
14646,2456
14647,2456
14648,2456
14649,2456
14650,2456
14651,2456
14652,2456
14653,2456
14654,2456
14655,2456
14656,2456
14657,2456
14658,2456
14659,2456
14660,2456
14661,2456
14662,2456
14663,2456
14664,2456
14665,2456
14666,2456
14667,2456
14668,2456
14669,2456
14670,2456
14671,2458
14672,2458
14673,2458
14674,2458
14675,2458
14676,2458
14677,2458
14678,2458
14679,2458
14680,2458
14681,2458
14682,2458
14683,2458
14684,2458
14685,2458
14686,2458
14687,2458
14688,2458
14689,2458
14690,2458
14691,2458
14692,2458
14693,2458
14694,2458
14695,2458
14696,2458
14697,2458
14698,2458
14699,2458
14700,2458
14701,2458
14702,2458
14703,2458
14704,2458
14705,2458
14706,2458
14707,2458
14708,2458
14709,2458
14710,2458
14711,2458
14712,2458
14713,2458
14714,2458
14715,2458
14716,2458
14717,2458
14718,2458
14719,2458
14720,2458
14721,2458
14722,2458
14723,2458
14724,2458
14725,2458
14726,2458
14727,2458
14728,2458
14729,2458
14730,2458
14731,2458
14732,2458
14733,2458
14734,2458
14735,2458
14736,2458
14737,2458
14738,2458
14739,2458
14740,2458
14741,2458
14742,2458
14743,2458
14744,2458
14745,2458
14746,2458
14747,2458
14748,2458
14749,2458
14750,2458
14751,2458
14752,2458
14753,2458
14754,2458
14755,2458
14756,2458
14757,2458
14758,2458
14759,2458
14760,2458
14761,2458
14762,2458
14763,2458
14764,2458
14765,2458
14766,2458
14767,2458
14768,2458
14769,2458
14770,2458
14771,2458
14772,2458
14773,2458
14774,2458
14775,2458
14776,2458
14777,2458
14778,2458
14779,2458
14780,2458
14781,2458
14782,2458
14783,2458
14784,2458
14785,2458
14786,2458
14787,2458
14788,2458
14789,2458
14790,2458
14791,2458
14792,2458
14793,2458
14794,2458
14795,2458
14796,2458
14797,2458
14798,2458
14799,2458
14800,2458
14801,2458
14802,2458
14803,2458
14804,2458
14805,2458
14806,2458
14807,2458
14808,2458
14809,2458
14810,2458
14811,2458
14812,2458
14813,2458
14814,2458
14815,2458
14816,2458
14817,2458
14818,2458
14819,2458
14820,2458
14821,2458
14822,2458
14823,2458
14824,2458
14825,2458
14826,2458
14827,2458
14828,2458
14829,2458
14830,2458
14831,2458
14832,2458
14833,2458
14834,2458
14835,2458
14836,2458
14837,2458
14838,2458
14839,2458
14840,2458
14841,2458
14842,2458
14843,2458
14844,2458
14845,2458
14846,2458
14847,2458
14848,2458
14849,2458
14850,2458
14851,2458
14852,2458
14853,2458
14854,2458
14855,2458
14856,2458
14857,2458
14858,2458
14859,2458
14860,2458
14861,2458
14862,2458
14863,2458
14864,2458
14865,2458
14866,2458
14867,2458
14868,2458
14869,2458
14870,2458
14871,2458
14872,2458
14873,2458
14874,2458
14875,2458
14876,2458
14877,2458
14878,2458
14879,2458
14880,2458
14881,2458
14882,2458
14883,2458
14884,2458
14885,2458
14886,2458
14887,2458
14888,2458
14889,2458
14890,2458
14891,2458
14892,2458
14893,2458
14894,2458
14895,2458
14896,2458
14897,2458
14898,2458
14899,2458
14900,2458
14901,2458
14902,2458
14903,2458
14904,2458
14905,2458
14906,2458
14907,2458
14908,2458
14909,2458
14910,2458
14911,2458
14912,2458
14913,2458
14914,2458
14915,2458
14916,2458
14917,2458
14918,2458
14919,2458
14920,2458
14921,2458
14922,2458
14923,2458
14924,2458
14925,2458
14926,2458
14927,2458
14928,2458
14929,2458
14930,2458
14931,2458
14932,2458
14933,2458
14934,2458
14935,2458
14936,2462
14937,2462
14938,2462
14939,2462
14940,2462
14941,2462
14942,2462
14943,2462
14944,2462
14945,2462
14946,2462
14947,2462
14948,2462
14949,2462
14950,2462
14951,2462
14952,2462
14953,2462
14954,2462
14955,2462
14956,2462
14957,2462
14958,2462
14959,2462
14960,2462
14961,2462
14962,2462
14963,2462
14964,2462
14965,2462
14966,2462
14967,2462
14968,2465
14969,2465
14970,2465
14971,2465
14972,2465
14973,2465
14974,2465
14975,2465
14976,2465
14977,2465
14978,2465
14979,2465
14980,2465
14981,2465
14982,2465
14983,2465
14984,2465
14985,2465
14986,2465
14987,2465
14988,2465
14989,2465
14990,2465
14991,2465
14992,2465
14993,2465
14994,2465
14995,2465
14996,2465
14997,2465
14998,2465
14999,2465
15000,2465
15001,2465
15002,2465
15003,2465
15004,2465
15005,2465
15006,2465
15007,2465
15008,2465
15009,2465
15010,2465
15011,2465
15012,2465
15013,2465
15014,2465
15015,2465
15016,2465
15017,2465
15018,2465
15019,2465
15020,2465
15021,2465
15022,2465
15023,2465
15024,2465
15025,2465
15026,2465
15027,2465
15028,2465
15029,2465
15030,2465
15031,2465
15032,2465
15033,2465
15034,2465
15035,2465
15036,2465
15037,2465
15038,2465
15039,2465
15040,2465
15041,2465
15042,2465
15043,2465
15044,2465
15045,2465
15046,2465
15047,2465
15048,2465
15049,2465
15050,2465
15051,2465
15052,2465
15053,2465
15054,2465
15055,2465
15056,2465
15057,2465
15058,2465
15059,2465
15060,2465
15061,2465
15062,2465
15063,2465
15064,2465
15065,2465
15066,2465
15067,2465
15068,2465
15069,2465
15070,2465
15071,2465
15072,2465
15073,2467
15074,2467
15075,2467
15076,2467
15077,2467
15078,2467
15079,2467
15080,2467
15081,2467
15082,2467
15083,2467
15084,2467
15085,2467
15086,2467
15087,2467
15088,2467
15089,2467
15090,2467
15091,2467
15092,2467
15093,2467
15094,2467
15095,2467
15096,2467
15097,2467
15098,2467
15099,2467
15100,2467
15101,2467
15102,2467
15103,2467
15104,2467
15105,2467
15106,2467
15107,2467
15108,2467
15109,2467
15110,2467
15111,2467
15112,2467
15113,2467
15114,2467
15115,2467
15116,2469
15117,2469
15118,2469
15119,2469
15120,2469
15121,2469
15122,2469
15123,2469
15124,2469
15125,2469
15126,2469
15127,2469
15128,2469
15129,2469
15130,2469
15131,2469
15132,2469
15133,2469
15134,2469
15135,2469
15136,2469
15137,2469
15138,2469
15139,2469
15140,2469
15141,2469
15142,2469
15143,2469
15144,2469
15145,2469
15146,2469
15147,2469
15148,2469
15149,2469
15150,2469
15151,2469
15152,2469
15153,2469
15154,2469
15155,2469
15156,2469
15157,2469
15158,2469
15159,2469
15160,2469
15161,2469
15162,2469
15163,2472
15164,2472
15165,2472
15166,2472
15167,2472
15168,2472
15169,2472
15170,2472
15171,2472
15172,2472
15173,2472
15174,2472
15175,2472
15176,2472
15177,2472
15178,2472
15179,2472
15180,2472
15181,2472
15182,2472
15183,2472
15184,2472
15185,2472
15186,2472
15187,2472
15188,2472
15189,2472
15190,2472
15191,2472
15192,2472
15193,2472
15194,2472
15195,2472
15196,2472
15197,2472
15198,2472
15199,2472
15200,2472
15201,2472
15202,2472
15203,2472
15204,2472
15205,2472
15206,2472
15207,2472
15208,2472
15209,2472
15210,2472
15211,2472
15212,2472
15213,2472
15214,2472
15215,2472
15216,2472
15217,2472
15218,2472
15219,2472
15220,2472
15221,2472
15222,2472
15223,2472
15224,2472
15225,2472
15226,2472
15227,2472
15228,2472
15229,2472
15230,2472
15231,2472
15232,2472
15233,2472
15234,2472
15235,2472
15236,2472
15237,2472
15238,2472
15239,2473
15240,2473
15241,2473
15242,2473
15243,2473
15244,2473
15245,2473
15246,2473
15247,2473
15248,2473
15249,2473
15250,2473
15251,2473
15252,2473
15253,2473
15254,2476
15255,2476
15256,2476
15257,2476
15258,2476
15259,2476
15260,2476
15261,2476
15262,2476
15263,2476
15264,2476
15265,2476
15266,2476
15267,2476
15268,2476
15269,2476
15270,2476
15271,2476
15272,2476
15273,2476
15274,2476
15275,2476
15276,2476
15277,2476
15278,2476
15279,2476
15280,2476
15281,2476
15282,2476
15283,2476
15284,2476
15285,2476
15286,2476
15287,2476
15288,2476
15289,2476
15290,2476
15291,2476
15292,2476
15293,2476
15294,2476
15295,2476
15296,2476
15297,2476
15298,2476
15299,2476
15300,2476
15301,2476
15302,2476
15303,2476
15304,2476
15305,2476
15306,2476
15307,2476
15308,2476
15309,2476
15310,2476
15311,2476
15312,2476
15313,2476
15314,2476
15315,2476
15316,2476
15317,2476
15318,2476
15319,2476
15320,2476
15321,2476
15322,2476
15323,2476
15324,2476
15325,2476
15326,2476
15327,2476
15328,2476
15329,2476
15330,2476
15331,2476
15332,2476
15333,2476
15334,2476
15335,2476
15336,2476
15337,2476
15338,2476
15339,2476
15340,2476
15341,2476
15342,2476
15343,2476
15344,2476
15345,2476
15346,2476
15347,2476
15348,2476
15349,2476
15350,2476
15351,2476
15352,2476
15353,2476
15354,2476
15355,2476
15356,2476
15357,2476
15358,2476
15359,2476
15360,2476
15361,2476
15362,2476
15363,2476
15364,2476
15365,2476
15366,2476
15367,2476
15368,2476
15369,2476
15370,2476
15371,2476
15372,2476
15373,2476
15374,2476
15375,2476
15376,2476
15377,2476
15378,2476
15379,2476
15380,2476
15381,2476
15382,2476
15383,2476
15384,2476
15385,2476
15386,2476
15387,2476
15388,2476
15389,2476
15390,2476
15391,2476
15392,2476
15393,2476
15394,2480
15395,2480
15396,2480
15397,2480
15398,2480
15399,2480
15400,2480
15401,2480
15402,2480
15403,2480
15404,2480
15405,2480
15406,2480
15407,2480
15408,2480
15409,2480
15410,2480
15411,2480
15412,2480
15413,2480
15414,2480
15415,2480
15416,2480
15417,2480
15418,2480
15419,2480
15420,2480
15421,2480
15422,2480
15423,2480
15424,2480
15425,2480
15426,2480
15427,2480
15428,2480
15429,2480
15430,2480
15431,2480
15432,2480
15433,2480
15434,2480
15435,2480
15436,2480
15437,2480
15438,2480
15439,2480
15440,2480
15441,2480
15442,2480
15443,2480
15444,2480
15445,2480
15446,2480
15447,2480
15448,2480
15449,2480
15450,2480
15451,2480
15452,2480
15453,2480
15454,2480
15455,2480
15456,2480
15457,2480
15458,2480
15459,2480
15460,2480
15461,2480
15462,2480
15463,2480
15464,2480
15465,2480
15466,2480
15467,2480
15468,2480
15469,2480
15470,2480
15471,2480
15472,2480
15473,2480
15474,2480
15475,2480
15476,2480
15477,2480
15478,2480
15479,2480
15480,2480
15481,2480
15482,2480
15483,2480
15484,2480
15485,2480
15486,2480
15487,2480
15488,2480
15489,2480
15490,2480
15491,2480
15492,2480
15493,2480
15494,2480
15495,2480
15496,2480
15497,2480
15498,2480
15499,2480
15500,2480
15501,2480
15502,2480
15503,2480
15504,2480
15505,2480
15506,2480
15507,2480
15508,2480
15509,2480
15510,2480
15511,2480
15512,2480
15513,2480
15514,2480
15515,2480
15516,2480
15517,2480
15518,2480
15519,2480
15520,2480
15521,2480
15522,2480
15523,2480
15524,2480
15525,2480
15526,2480
15527,2480
15528,2480
15529,2480
15530,2480
15531,2480
15532,2480
15533,2480
15534,2480
15535,2480
15536,2480
15537,2480
15538,2480
15539,2480
15540,2480
15541,2480
15542,2480
15543,2480
15544,2480
15545,2480
15546,2480
15547,2480
15548,2480
15549,2480
15550,2480
15551,2480
15552,2480
15553,2480
15554,2480
15555,2480
15556,2480
15557,2480
15558,2480
15559,2480
15560,2480
15561,2480
15562,2480
15563,2480
15564,2480
15565,2480
15566,2480
15567,2480
15568,2480
15569,2480
15570,2480
15571,2480
15572,2480
15573,2480
15574,2480
15575,2480
15576,2480
15577,2480
15578,2480
15579,2480
15580,2480
15581,2480
15582,2480
15583,2480
15584,2480
15585,2480
15586,2480
15587,2480
15588,2480
15589,2484
15590,2484
15591,2484
15592,2484
15593,2484
15594,2484
15595,2484
15596,2484
15597,2484
15598,2484
15599,2484
15600,2484
15601,2484
15602,2484
15603,2484
15604,2484
15605,2484
15606,2484
15607,2484
15608,2484
15609,2484
15610,2484
15611,2484
15612,2484
15613,2484
15614,2484
15615,2484
15616,2484
15617,2484
15618,2484
15619,2484
15620,2484
15621,2484
15622,2484
15623,2484
15624,2484
15625,2484
15626,2484
15627,2484
15628,2484
15629,2484
15630,2484
15631,2484
15632,2484
15633,2484
15634,2484
15635,2484
15636,2484
15637,2484
15638,2484
15639,2484
15640,2484
15641,2484
15642,2484
15643,2484
15644,2484
15645,2484
15646,2484
15647,2484
15648,2484
15649,2484
15650,2484
15651,2484
15652,2484
15653,2484
15654,2484
15655,2484
15656,2484
15657,2484
15658,2484
15659,2484
15660,2484
15661,2484
15662,2484
15663,2484
15664,2484
15665,2484
15666,2484
15667,2484
15668,2484
15669,2484
15670,2484
15671,2484
15672,2484
15673,2484
15674,2484
15675,2484
15676,2484
15677,2484
15678,2484
15679,2484
15680,2484
15681,2484
15682,2484
15683,2484
15684,2484
15685,2484
15686,2484
15687,2484
15688,2484
15689,2484
15690,2484
15691,2484
15692,2484
15693,2484
15694,2484
15695,2486
15696,2486
15697,2486
15698,2486
15699,2486
15700,2486
15701,2486
15702,2486
15703,2486
15704,2486
15705,2486
15706,2486
15707,2486
15708,2486
15709,2486
15710,2486
15711,2486
15712,2486
15713,2486
15714,2486
15715,2486
15716,2486
15717,2486
15718,2486
15719,2486
15720,2486
15721,2486
15722,2486
15723,2486
15724,2486
15725,2486
15726,2486
15727,2486
15728,2486
15729,2486
15730,2486
15731,2486
15732,2486
15733,2486
15734,2486
15735,2486
15736,2486
15737,2486
15738,2486
15739,2486
15740,2486
15741,2486
15742,2486
15743,2486
15744,2486
15745,2486
15746,2486
15747,2486
15748,2486
15749,2486
15750,2486
15751,2486
15752,2486
15753,2486
15754,2486
15755,2486
15756,2486
15757,2486
15758,2486
15759,2486
15760,2486
15761,2486
15762,2486
15763,2486
15764,2486
15765,2486
15766,2486
15767,2486
15768,2486
15769,2486
15770,2486
15771,2486
15772,2486
15773,2486
15774,2486
15775,2486
15776,2486
15777,2486
15778,2486
15779,2486
15780,2486
15781,2486
15782,2486
15783,2486
15784,2486
15785,2486
15786,2486
15787,2486
15788,2486
15789,2486
15790,2486
15791,2486
15792,2486
15793,2486
15794,2486
15795,2486
15796,2486
15797,2486
15798,2486
15799,2486
15800,2486
15801,2486
15802,2486
15803,2486
15804,2486
15805,2486
15806,2486
15807,2486
15808,2486
15809,2486
15810,2486
15811,2486
15812,2486
15813,2486
15814,2486
15815,2486
15816,2486
15817,2486
15818,2486
15819,2486
15820,2486
15821,2486
15822,2486
15823,2486
15824,2486
15825,2486
15826,2486
15827,2486
15828,2486
15829,2486
15830,2486
15831,2486
15832,2486
15833,2486
15834,2486
15835,2486
15836,2486
15837,2486
15838,2486
15839,2486
15840,2486
15841,2486
15842,2486
15843,2486
15844,2486
15845,2486
15846,2486
15847,2486
15848,2486
15849,2486
15850,2486
15851,2486
15852,2486
15853,2486
15854,2486
15855,2486
15856,2486
15857,2486
15858,2486
15859,2486
15860,2486
15861,2488
15862,2488
15863,2488
15864,2488
15865,2488
15866,2488
15867,2488
15868,2488
15869,2488
15870,2488
15871,2488
15872,2488
15873,2488
15874,2488
15875,2488
15876,2488
15877,2488
15878,2488
15879,2488
15880,2488
15881,2488
15882,2488
15883,2488
15884,2488
15885,2488
15886,2488
15887,2488
15888,2488
15889,2488
15890,2488
15891,2488
15892,2488
15893,2488
15894,2488
15895,2488
15896,2488
15897,2488
15898,2488
15899,2488
15900,2488
15901,2488
15902,2488
15903,2488
15904,2488
15905,2488
15906,2488
15907,2488
15908,2488
15909,2488
15910,2488
15911,2488
15912,2488
15913,2488
15914,2488
15915,2488
15916,2488
15917,2488
15918,2488
15919,2488
15920,2488
15921,2488
15922,2488
15923,2488
15924,2488
15925,2488
15926,2488
15927,2488
15928,2488
15929,2488
15930,2488
15931,2488
15932,2488
15933,2488
15934,2488
15935,2488
15936,2488
15937,2488
15938,2488
15939,2488
15940,2488
15941,2488
15942,2488
15943,2488
15944,2488
15945,2488
15946,2488
15947,2488
15948,2488
15949,2488
15950,2488
15951,2488
15952,2488
15953,2488
15954,2488
15955,2488
15956,2488
15957,2488
15958,2488
15959,2488
15960,2488
15961,2488
15962,2488
15963,2488
15964,2488
15965,2488
15966,2488
15967,2488
15968,2488
15969,2488
15970,2488
15971,2488
15972,2488
15973,2488
15974,2488
15975,2488
15976,2488
15977,2488
15978,2488
15979,2488
15980,2488
15981,2488
15982,2488
15983,2488
15984,2488
15985,2488
15986,2488
15987,2488
15988,2488
15989,2488
15990,2488
15991,2488
15992,2488
15993,2488
15994,2488
15995,2488
15996,2488
15997,2488
15998,2488
15999,2488
16000,2488
16001,2488
16002,2488
16003,2488
16004,2488
16005,2488
16006,2488
16007,2488
16008,2488
16009,2488
16010,2488
16011,2488
16012,2488
16013,2488
16014,2488
16015,2488
16016,2488
16017,2488
16018,2488
16019,2488
16020,2488
16021,2488
16022,2488
16023,2488
16024,2488
16025,2488
16026,2488
16027,2488
16028,2488
16029,2488
16030,2488
16031,2488
16032,2488
16033,2488
16034,2488
16035,2488
16036,2488
16037,2495
16038,2495
16039,2495
16040,2495
16041,2495
16042,2495
16043,2495
16044,2495
16045,2495
16046,2495
16047,2495
16048,2495
16049,2495
16050,2495
16051,2495
16052,2495
16053,2495
16054,2495
16055,2495
16056,2495
16057,2495
16058,2495
16059,2495
16060,2495
16061,2495
16062,2495
16063,2495
16064,2495
16065,2495
16066,2495
16067,2495
16068,2495
16069,2495
16070,2495
16071,2495
16072,2495
16073,2495
16074,2495
16075,2495
16076,2495
16077,2495
16078,2495
16079,2495
16080,2495
16081,2495
16082,2495
16083,2495
16084,2496
16085,2496
16086,2496
16087,2496
16088,2496
16089,2496
16090,2496
16091,2496
16092,2496
16093,2496
16094,2496
16095,2496
16096,2496
16097,2496
16098,2496
16099,2496
16100,2496
16101,2496
16102,2496
16103,2496
16104,2496
16105,2496
16106,2496
16107,2496
16108,2496
16109,2496
16110,2496
16111,2496
16112,2496
16113,2496
16114,2496
16115,2498
16116,2498
16117,2498
16118,2498
16119,2498
16120,2498
16121,2498
16122,2498
16123,2498
16124,2498
16125,2498
16126,2498
16127,2498
16128,2498
16129,2498
16130,2498
16131,2498
16132,2498
16133,2498
16134,2498
16135,2498
16136,2498
16137,2498
16138,2498
16139,2499
16140,2499
16141,2499
16142,2499
16143,2499
16144,2499
16145,2499
16146,2499
16147,2499
16148,2499
16149,2499
16150,2499
16151,2499
16152,2499
16153,2499
16154,2499
16155,2499
16156,2499
16157,2499
16158,2499
16159,2499
16160,2499
16161,2499
16162,2499
16163,2499
16164,2499
16165,2499
16166,2499
16167,2499
16168,2499
16169,2499
16170,2499
16171,2499
16172,2499
16173,2499
16174,2499
16175,2499
16176,2499
16177,2499
16178,2499
16179,2499
16180,2499
16181,2499
16182,2499
16183,2499
16184,2499
16185,2499
16186,2499
16187,2499
16188,2499
16189,2499
16190,2499
16191,2499
16192,2499
16193,2499
16194,2499
16195,2499
16196,2499
16197,2499
16198,2499
16199,2499
16200,2499
16201,2499
16202,2500
16203,2500
16204,2500
16205,2500
16206,2500
16207,2500
16208,2500
16209,2500
16210,2500
16211,2500
16212,2500
16213,2500
16214,2500
16215,2500
16216,2500
16217,2500
16218,2500
16219,2500
16220,2500
16221,2500
16222,2500
16223,2500
16224,2500
16225,2500
16226,2500
16227,2500
16228,2500
16229,2500
16230,2500
16231,2500
16232,2500
16233,2500
16234,2500
16235,2500
16236,2500
16237,2500
16238,2500
16239,2500
16240,2500
16241,2500
16242,2500
16243,2500
16244,2500
16245,2500
16246,2500
16247,2500
16248,2500
16249,2500
16250,2500
16251,2500
16252,2500
16253,2500
16254,2500
16255,2500
16256,2500
16257,2502
16258,2502
16259,2502
16260,2502
16261,2502
16262,2502
16263,2502
16264,2502
16265,2502
16266,2502
16267,2502
16268,2502
16269,2502
16270,2502
16271,2502
16272,2502
16273,2502
16274,2502
16275,2502
16276,2502
16277,2504
16278,2504
16279,2504
16280,2504
16281,2504
16282,2504
16283,2504
16284,2504
16285,2504
16286,2504
16287,2504
16288,2504
16289,2508
16290,2508
16291,2508
16292,2508
16293,2508
16294,2508
16295,2508
16296,2508
16297,2508
16298,2508
16299,2508
16300,2508
16301,2508
16302,2508
16303,2508
16304,2508
16305,2508
16306,2508
16307,2508
16308,2508
16309,2508
16310,2508
16311,2508
16312,2508
16313,2508
16314,2508
16315,2508
16316,2508
16317,2508
16318,2508
16319,2508
16320,2508
16321,2508
16322,2508
16323,2508
16324,2508
16325,2508
16326,2508
16327,2508
16328,2508
16329,2512
16330,2512
16331,2512
16332,2512
16333,2512
16334,2512
16335,2512
16336,2512
16337,2512
16338,2512
16339,2512
16340,2512
16341,2512
16342,2512
16343,2512
16344,2512
16345,2512
16346,2512
16347,2512
16348,2512
16349,2512
16350,2512
16351,2512
16352,2512
16353,2512
16354,2512
16355,2512
16356,2512
16357,2512
16358,2512
16359,2512
16360,2512
16361,2512
16362,2512
16363,2512
16364,2512
16365,2512
16366,2512
16367,2512
16368,2512
16369,2512
16370,2512
16371,2512
16372,2512
16373,2512
16374,2512
16375,2512
16376,2512
16377,2512
16378,2512
16379,2512
16380,2512
16381,2512
16382,2512
16383,2512
16384,2512
16385,2512
16386,2512
16387,2512
16388,2512
16389,2512
16390,2512
16391,2512
16392,2512
16393,2512
16394,2512
16395,2512
16396,2512
16397,2512
16398,2512
16399,2512
16400,2512
16401,2512
16402,2512
16403,2512
16404,2512
16405,2512
16406,2512
16407,2512
16408,2512
16409,2512
16410,2512
16411,2512
16412,2512
16413,2512
16414,2512
16415,2512
16416,2512
16417,2512
16418,2512
16419,2512
16420,2512
16421,2512
16422,2512
16423,2512
16424,2512
16425,2512
16426,2512
16427,2512
16428,2512
16429,2512
16430,2512
16431,2512
16432,2512
16433,2512
16434,2512
16435,2512
16436,2512
16437,2512
16438,2512
16439,2512
16440,2512
16441,2512
16442,2512
16443,2512
16444,2512
16445,2512
16446,2512
16447,2512
16448,2512
16449,2527
16450,2527
16451,2527
16452,2527
16453,2527
16454,2527
16455,2527
16456,2527
16457,2527
16458,2527
16459,2527
16460,2527
16461,2527
16462,2527
16463,2527
16464,2527
16465,2527
16466,2527
16467,2527
16468,2527
16469,2527
16470,2527
16471,2527
16472,2527
16473,2527
16474,2527
16475,2527
16476,2527
16477,2527
16478,2527
16479,2527
16480,2527
16481,2527
16482,2527
16483,2527
16484,2527
16485,2527
16486,2528
16487,2528
16488,2528
16489,2528
16490,2528
16491,2528
16492,2528
16493,2528
16494,2528
16495,2528
16496,2528
16497,2528
16498,2528
16499,2528
16500,2528
16501,2528
16502,2528
16503,2528
16504,2528
16505,2528
16506,2528
16507,2528
16508,2528
16509,2528
16510,2528
16511,2528
16512,2528
16513,2528
16514,2528
16515,2528
16516,2528
16517,2528
16518,2528
16519,2528
16520,2528
16521,2528
16522,2528
16523,2528
16524,2528
16525,2528
16526,2528
16527,2528
16528,2528
16529,2528
16530,2528
16531,2528
16532,2528
16533,2528
16534,2528
16535,2528
16536,2528
16537,2528
16538,2528
16539,2528
16540,2528
16541,2528
16542,2528
16543,2528
16544,2528
16545,2528
16546,2528
16547,2528
16548,2528
16549,2528
16550,2528
16551,2528
16552,2528
16553,2528
16554,2528
16555,2528
16556,2528
16557,2528
16558,2528
16559,2528
16560,2528
16561,2528
16562,2528
16563,2528
16564,2528
16565,2528
16566,2528
16567,2528
16568,2528
16569,2528
16570,2528
16571,2528
16572,2528
16573,2528
16574,2528
16575,2528
16576,2528
16577,2528
16578,2529
16579,2529
16580,2529
16581,2529
16582,2529
16583,2529
16584,2529
16585,2529
16586,2529
16587,2529
16588,2529
16589,2529
16590,2529
16591,2529
16592,2529
16593,2529
16594,2529
16595,2529
16596,2529
16597,2529
16598,2529
16599,2529
16600,2529
16601,2529
16602,2529
16603,2529
16604,2529
16605,2529
16606,2529
16607,2529
16608,2529
16609,2529
16610,2529
16611,2529
16612,2529
16613,2529
16614,2529
16615,2529
16616,2529
16617,2529
16618,2529
16619,2529
16620,2529
16621,2529
16622,2529
16623,2529
16624,2529
16625,2529
16626,2529
16627,2529
16628,2529
16629,2529
16630,2529
16631,2530
16632,2530
16633,2530
16634,2530
16635,2530
16636,2530
16637,2530
16638,2530
16639,2530
16640,2530
16641,2530
16642,2530
16643,2530
16644,2530
16645,2530
16646,2530
16647,2530
16648,2530
16649,2530
16650,2530
16651,2530
16652,2530
16653,2530
16654,2530
16655,2530
16656,2530
16657,2530
16658,2530
16659,2530
16660,2530
16661,2530
16662,2530
16663,2530
16664,2530
16665,2530
16666,2530
16667,2530
16668,2530
16669,2530
16670,2530
16671,2530
16672,2530
16673,2530
16674,2530
16675,2530
16676,2530
16677,2530
16678,2530
16679,2530
16680,2530
16681,2530
16682,2530
16683,2530
16684,2530
16685,2530
16686,2530
16687,2530
16688,2530
16689,2530
16690,2530
16691,2530
16692,2530
16693,2530
16694,2540
16695,2540
16696,2540
16697,2540
16698,2540
16699,2540
16700,2540
16701,2540
16702,2540
16703,2540
16704,2540
16705,2540
16706,2540
16707,2540
16708,2540
16709,2540
16710,2540
16711,2540
16712,2540
16713,2540
16714,2540
16715,2540
16716,2540
16717,2540
16718,2540
16719,2540
16720,2540
16721,2540
16722,2540
16723,2540
16724,2540
16725,2540
16726,2540
16727,2540
16728,2540
16729,2540
16730,2540
16731,2540
16732,2540
16733,2540
16734,2540
16735,2540
16736,2540
16737,2540
16738,2540
16739,2540
16740,2540
16741,2540
16742,2540
16743,2540
16744,2540
16745,2540
16746,2540
16747,2540
16748,2540
16749,2540
16750,2540
16751,2540
16752,2540
16753,2540
16754,2540
16755,2540
16756,2540
16757,2540
16758,2540
16759,2540
16760,2540
16761,2540
16762,2540
16763,2540
16764,2540
16765,2540
16766,2540
16767,2540
16768,2540
16769,2540
16770,2540
16771,2540
16772,2540
16773,2540
16774,2540
16775,2540
16776,2540
16777,2540
16778,2540
16779,2540
16780,2540
16781,2540
16782,2540
16783,2540
16784,2540
16785,2540
16786,2540
16787,2540
16788,2540
16789,2540
16790,2540
16791,2540
16792,2540
16793,2540
16794,2540
16795,2540
16796,2540
16797,2540
16798,2540
16799,2540
16800,2540
16801,2540
16802,2540
16803,2540
16804,2542
16805,2542
16806,2542
16807,2542
16808,2542
16809,2542
16810,2542
16811,2542
16812,2542
16813,2542
16814,2542
16815,2542
16816,2542
16817,2542
16818,2542
16819,2542
16820,2542
16821,2542
16822,2542
16823,2542
16824,2542
16825,2542
16826,2542
16827,2542
16828,2542
16829,2542
16830,2542
16831,2542
16832,2542
16833,2542
16834,2542
16835,2542
16836,2542
16837,2542
16838,2542
16839,2542
16840,2542
16841,2542
16842,2542
16843,2542
16844,2542
16845,2542
16846,2542
16847,2542
16848,2542
16849,2542
16850,2542
16851,2542
16852,2542
16853,2542
16854,2542
16855,2542
16856,2542
16857,2542
16858,2542
16859,2542
16860,2542
16861,2542
16862,2542
16863,2542
16864,2542
16865,2542
16866,2542
16867,2542
16868,2542
16869,2542
16870,2542
16871,2542
16872,2542
16873,2542
16874,2542
16875,2542
16876,2542
16877,2542
16878,2542
16879,2544
16880,2544
16881,2544
16882,2544
16883,2544
16884,2544
16885,2544
16886,2544
16887,2544
16888,2544
16889,2544
16890,2544
16891,2544
16892,2544
16893,2544
16894,2544
16895,2544
16896,2544
16897,2544
16898,2544
16899,2544
16900,2544
16901,2544
16902,2544
16903,2544
16904,2544
16905,2544
16906,2544
16907,2544
16908,2544
16909,2544
16910,2544
16911,2544
16912,2544
16913,2544
16914,2544
16915,2544
16916,2544
16917,2544
16918,2544
16919,2544
16920,2544
16921,2544
16922,2544
16923,2544
16924,2544
16925,2544
16926,2544
16927,2544
16928,2544
16929,2544
16930,2544
16931,2544
16932,2544
16933,2544
16934,2544
16935,2544
16936,2544
16937,2544
16938,2544
16939,2544
16940,2544
16941,2544
16942,2544
16943,2544
16944,2544
16945,2544
16946,2544
16947,2544
16948,2544
16949,2544
16950,2544
16951,2544
16952,2544
16953,2544
16954,2544
16955,2544
16956,2544
16957,2544
16958,2544
16959,2544
16960,2544
16961,2544
16962,2544
16963,2544
16964,2544
16965,2544
16966,2544
16967,2544
16968,2544
16969,2544
16970,2544
16971,2544
16972,2544
16973,2544
16974,2544
16975,2544
16976,2544
16977,2544
16978,2544
16979,2544
16980,2544
16981,2544
16982,2544
16983,2544
16984,2544
16985,2544
16986,2544
16987,2544
16988,2544
16989,2544
16990,2544
16991,2544
16992,2544
16993,2544
16994,2544
16995,2544
16996,2544
16997,2544
16998,2544
16999,2544
17000,2544
17001,2544
17002,2544
17003,2544
17004,2544
17005,2544
17006,2544
17007,2544
17008,2544
17009,2544
17010,2544
17011,2544
17012,2544
17013,2544
17014,2544
17015,2544
17016,2544
17017,2544
17018,2544
17019,2544
17020,2544
17021,2544
17022,2544
17023,2544
17024,2544
17025,2544
17026,2544
17027,2544
17028,2544
17029,2544
17030,2544
17031,2548
17032,2548
17033,2548
17034,2548
17035,2548
17036,2548
17037,2548
17038,2548
17039,2548
17040,2548
17041,2548
17042,2548
17043,2548
17044,2548
17045,2548
17046,2548
17047,2548
17048,2548
17049,2548
17050,2548
17051,2548
17052,2548
17053,2548
17054,2548
17055,2548
17056,2548
17057,2548
17058,2548
17059,2548
17060,2548
17061,2548
17062,2548
17063,2548
17064,2548
17065,2548
17066,2548
17067,2548
17068,2548
17069,2548
17070,2548
17071,2548
17072,2548
17073,2548
17074,2548
17075,2548
17076,2548
17077,2548
17078,2548
17079,2548
17080,2548
17081,2548
17082,2548
17083,2548
17084,2548
17085,2548
17086,2548
17087,2548
17088,2548
17089,2548
17090,2548
17091,2548
17092,2548
17093,2548
17094,2548
17095,2548
17096,2548
17097,2548
17098,2548
17099,2548
17100,2548
17101,2548
17102,2548
17103,2548
17104,2548
17105,2548
17106,2548
17107,2548
17108,2548
17109,2548
17110,2548
17111,2548
17112,2548
17113,2548
17114,2548
17115,2548
17116,2548
17117,2548
17118,2548
17119,2548
17120,2548
17121,2548
17122,2548
17123,2548
17124,2548
17125,2548
17126,2548
17127,2548
17128,2548
17129,2548
17130,2548
17131,2548
17132,2548
17133,2548
17134,2548
17135,2548
17136,2548
17137,2548
17138,2548
17139,2548
17140,2548
17141,2548
17142,2548
17143,2548
17144,2548
17145,2548
17146,2548
17147,2548
17148,2548
17149,2548
17150,2548
17151,2548
17152,2548
17153,2548
17154,2548
17155,2548
17156,2548
17157,2548
17158,2548
17159,2548
17160,2548
17161,2548
17162,2548
17163,2548
17164,2548
17165,2548
17166,2548
17167,2548
17168,2548
17169,2548
17170,2548
17171,2548
17172,2548
17173,2548
17174,2548
17175,2548
17176,2548
17177,2548
17178,2548
17179,2548
17180,2548
17181,2548
17182,2548
17183,2548
17184,2548
17185,2548
17186,2548
17187,2548
17188,2548
17189,2548
17190,2548
17191,2548
17192,2548
17193,2548
17194,2548
17195,2548
17196,2548
17197,2548
17198,2548
17199,2548
17200,2548
17201,2548
17202,2548
17203,2548
17204,2548
17205,2548
17206,2548
17207,2548
17208,2548
17209,2548
17210,2548
17211,2548
17212,2548
17213,2548
17214,2548
17215,2548
17216,2548
17217,2548
17218,2548
17219,2548
17220,2548
17221,2548
17222,2548
17223,2548
17224,2548
17225,2548
17226,2548
17227,2548
17228,2548
17229,2548
17230,2548
17231,2548
17232,2548
17233,2548
17234,2549
17235,2549
17236,2549
17237,2549
17238,2549
17239,2549
17240,2549
17241,2549
17242,2549
17243,2549
17244,2549
17245,2549
17246,2549
17247,2549
17248,2549
17249,2549
17250,2549
17251,2549
17252,2549
17253,2549
17254,2549
17255,2549
17256,2549
17257,2549
17258,2549
17259,2549
17260,2549
17261,2549
17262,2549
17263,2549
17264,2549
17265,2549
17266,2549
17267,2549
17268,2549
17269,2549
17270,2549
17271,2549
17272,2549
17273,2549
17274,2549
17275,2549
17276,2549
17277,2549
17278,2549
17279,2549
17280,2549
17281,2549
17282,2549
17283,2549
17284,2549
17285,2549
17286,2549
17287,2549
17288,2549
17289,2549
17290,2549
17291,2549
17292,2549
17293,2549
17294,2549
17295,2549
17296,2549
17297,2549
17298,2549
17299,2549
17300,2549
17301,2549
17302,2549
17303,2549
17304,2549
17305,2549
17306,2549
17307,2549
17308,2549
17309,2549
17310,2549
17311,2549
17312,2549
17313,2549
17314,2549
17315,2549
17316,2549
17317,2549
17318,2549
17319,2549
17320,2549
17321,2549
17322,2549
17323,2549
17324,2549
17325,2549
17326,2549
17327,2549
17328,2549
17329,2549
17330,2549
17331,2549
17332,2549
17333,2549
17334,2549
17335,2549
17336,2549
17337,2549
17338,2549
17339,2549
17340,2549
17341,2549
17342,2549
17343,2549
17344,2549
17345,2549
17346,2549
17347,2549
17348,2549
17349,2549
17350,2549
17351,2549
17352,2549
17353,2549
17354,2549
17355,2549
17356,2563
17357,2563
17358,2563
17359,2563
17360,2563
17361,2563
17362,2563
17363,2563
17364,2563
17365,2563
17366,2563
17367,2563
17368,2563
17369,2563
17370,2563
17371,2563
17372,2563
17373,2563
17374,2563
17375,2563
17376,2563
17377,2563
17378,2563
17379,2563
17380,2563
17381,2563
17382,2563
17383,2563
17384,2563
17385,2563
17386,2563
17387,2563
17388,2563
17389,2563
17390,2563
17391,2563
17392,2563
17393,2563
17394,2563
17395,2563
17396,2563
17397,2563
17398,2563
17399,2563
17400,2563
17401,2563
17402,2563
17403,2563
17404,2563
17405,2563
17406,2563
17407,2563
17408,2563
17409,2563
17410,2563
17411,2563
17412,2564
17413,2564
17414,2564
17415,2564
17416,2564
17417,2564
17418,2564
17419,2564
17420,2564
17421,2564
17422,2564
17423,2564
17424,2564
17425,2564
17426,2564
17427,2565
17428,2565
17429,2565
17430,2565
17431,2565
17432,2565
17433,2565
17434,2565
17435,2565
17436,2567
17437,2567
17438,2567
17439,2567
17440,2567
17441,2568
17442,2568
17443,2568
17444,2568
17445,2568
17446,2568
17447,2568
17448,2568
17449,2568
17450,2568
17451,2568
17452,2568
17453,2568
17454,2568
17455,2568
17456,2568
17457,2568
17458,2568
17459,2568
17460,2568
17461,2568
17462,2568
17463,2568
17464,2568
17465,2568
17466,2568
17467,2568
17468,2568
17469,2568
17470,2584
17471,2584
17472,2584
17473,2584
17474,2584
17475,2584
17476,2584
17477,2584
17478,2584
17479,2584
17480,2584
17481,2584
17482,2584
17483,2584
17484,2584
17485,2584
17486,2584
17487,2584
17488,2584
17489,2584
17490,2584
17491,2584
17492,2584
17493,2584
17494,2584
17495,2584
17496,2584
17497,2584
17498,2584
17499,2584
17500,2584
17501,2584
17502,2584
17503,2584
17504,2584
17505,2584
17506,2584
17507,2584
17508,2584
17509,2584
17510,2584
17511,2584
17512,2584
17513,2584
17514,2584
17515,2598
17516,2598
17517,2598
17518,2598
17519,2598
17520,2598
17521,2598
17522,2598
17523,2598
17524,2598
17525,2605
17526,2605
17527,2605
17528,2605
17529,2605
17530,2605
17531,2605
17532,2605
17533,2605
17534,2605
17535,2605
17536,2605
17537,2605
17538,2605
17539,2605
17540,2605
17541,2605
17542,2605
17543,2605
17544,2605
17545,2605
17546,2605
17547,2605
17548,2605
17549,2605
17550,2605
17551,2605
17552,2605
17553,2605
17554,2605
17555,2605
17556,2605
17557,2605
17558,2605
17559,2605
17560,2605
17561,2605
17562,2605
17563,2605
17564,2605
17565,2605
17566,2605
17567,2605
17568,2605
17569,2605
17570,2605
17571,2605
17572,2605
17573,2605
17574,2605
17575,2605
17576,2605
17577,2605
17578,2605
17579,2605
17580,2605
17581,2605
17582,2605
17583,2605
17584,2605
17585,2605
17586,2605
17587,2605
17588,2605
17589,2605
17590,2605
17591,2605
17592,2605
17593,2605
17594,2605
17595,2605
17596,2605
17597,2605
17598,2605
17599,2605
17600,2605
17601,2605
17602,2605
17603,2605
17604,2605
17605,2605
17606,2605
17607,2605
17608,2605
17609,2605
17610,2605
17611,2605
17612,2605
17613,2605
17614,2605
17615,2605
17616,2605
17617,2605
17618,2605
17619,2605
17620,2605
17621,2605
17622,2605
17623,2605
17624,2605
17625,2605
17626,2605
17627,2605
17628,2605
17629,2605
17630,2605
17631,2605
17632,2605
17633,2605
17634,2605
17635,2605
17636,2605
17637,2605
17638,2605
17639,2605
17640,2605
17641,2605
17642,2605
17643,2605
17644,2605
17645,2605
17646,2605
17647,2605
17648,2605
17649,2605
17650,2605
17651,2605
17652,2605
17653,2605
17654,2605
17655,2605
17656,2605
17657,2605
17658,2605
17659,2605
17660,2605
17661,2605
17662,2605
17663,2605
17664,2605
17665,2605
17666,2621
17667,2621
17668,2621
17669,2621
17670,2621
17671,2621
17672,2621
17673,2621
17674,2621
17675,2621
17676,2621
17677,2621
17678,2621
17679,2621
17680,2621
17681,2621
17682,2635
17683,2635
17684,2635
17685,2635
17686,2635
17687,2635
17688,2635
17689,2635
17690,2635
17691,2635
17692,2635
17693,2635
17694,2635
17695,2635
17696,2635
17697,2635
17698,2635
17699,2635
17700,2635
17701,2635
17702,2635
17703,2635
17704,2635
17705,2635
17706,2635
17707,2635
17708,2635
17709,2635
17710,2652
17711,2652
17712,2652
17713,2652
17714,2652
17715,2652
17716,2652
17717,2652
17718,2652
17719,2652
17720,2652
17721,2652
17722,2652
17723,2652
17724,2652
17725,2652
17726,2652
17727,2652
17728,2652
17729,2652
17730,2652
17731,2652
17732,2660
17733,2660
17734,2660
17735,2660
17736,2660
17737,2660
17738,2660
17739,2660
17740,2662
17741,2662
17742,2662
17743,2662
17744,2662
17745,2662
17746,2662
17747,2662
17748,2662
17749,2665
17750,2665
17751,2665
17752,2665
17753,2665
17754,2665
17755,2665
17756,2665
17757,2665
17758,2665
17759,2665
17760,2665
17761,2665
17762,2665
17763,2665
17764,2665
17765,2665
17766,2665
17767,2665
17768,2665
17769,2665
17770,2665
17771,2665
17772,2665
17773,2665
17774,2665
17775,2665
17776,2665
17777,2665
17778,2665
17779,2665
17780,2665
17781,2665
17782,2665
17783,2665
17784,2665
17785,2665
17786,2665
17787,2665
17788,2665
17789,2665
17790,2665
17791,2665
17792,2665
17793,2665
17794,2665
17795,2665
17796,2665
17797,2665
17798,2665
17799,2665
17800,2665
17801,2665
17802,2665
17803,2665
17804,2665
17805,2665
17806,2665
17807,2665
17808,2665
17809,2665
17810,2665
17811,2665
17812,2665
17813,2665
17814,2665
17815,2665
17816,2665
17817,2669
17818,2669
17819,2669
17820,2669
17821,2669
17822,2669
17823,2669
17824,2669
17825,2669
17826,2669
17827,2669
17828,2669
17829,2669
17830,2669
17831,2669
17832,2669
17833,2669
17834,2669
17835,2669
17836,2669
17837,2669
17838,2669
17839,2669
17840,2669
17841,2669
17842,2669
17843,2669
17844,2669
17845,2669
17846,2669
17847,2669
17848,2669
17849,2669
17850,2669
17851,2669
17852,2669
17853,2669
17854,2669
17855,2669
17856,2669
17857,2669
17858,2669
17859,2669
17860,2669
17861,2669
17862,2669
17863,2670
17864,2670
17865,2670
17866,2670
17867,2670
17868,2670
17869,2670
17870,2670
17871,2670
17872,2670
17873,2670
17874,2670
17875,2670
17876,2670
17877,2670
17878,2670
17879,2670
17880,2670
17881,2670
17882,2670
17883,2670
17884,2670
17885,2670
17886,2670
17887,2670
17888,2670
17889,2670
17890,2670
17891,2670
17892,2670
17893,2672
17894,2672
17895,2672
17896,2672
17897,2672
17898,2672
17899,2672
17900,2672
17901,2672
17902,2672
17903,2672
17904,2672
17905,2672
17906,2672
17907,2672
17908,2672
17909,2672
17910,2672
17911,2672
17912,2672
17913,2672
17914,2672
17915,2672
17916,2672
17917,2672
17918,2672
17919,2672
17920,2672
17921,2672
17922,2672
17923,2672
17924,2672
17925,2672
17926,2672
17927,2672
17928,2675
17929,2675
17930,2675
17931,2675
17932,2675
17933,2675
17934,2675
17935,2675
17936,2675
17937,2675
17938,2675
17939,2675
17940,2675
17941,2675
17942,2675
17943,2675
17944,2675
17945,2675
17946,2675
17947,2675
17948,2675
17949,2675
17950,2675
17951,2675
17952,2675
17953,2675
17954,2675
17955,2675
17956,2675
17957,2675
17958,2675
17959,2677
17960,2677
17961,2677
17962,2677
17963,2677
17964,2677
17965,2677
17966,2677
17967,2677
17968,2677
17969,2677
17970,2677
17971,2677
17972,2677
17973,2677
17974,2677
17975,2677
17976,2677
17977,2677
17978,2677
17979,2677
17980,2677
17981,2677
17982,2677
17983,2677
17984,2677
17985,2677
17986,2677
17987,2677
17988,2677
17989,2677
17990,2677
17991,2677
17992,2677
17993,2677
17994,2677
17995,2677
17996,2677
17997,2677
17998,2677
17999,2677
18000,2677
18001,2677
18002,2677
18003,2677
18004,2677
18005,2677
18006,2677
18007,2677
18008,2677
18009,2677
18010,2677
18011,2677
18012,2677
18013,2677
18014,2677
18015,2677
18016,2677
18017,2677
18018,2677
18019,2677
18020,2677
18021,2677
18022,2677
18023,2677
18024,2677
18025,2677
18026,2677
18027,2677
18028,2677
18029,2677
18030,2677
18031,2677
18032,2677
18033,2677
18034,2677
18035,2677
18036,2677
18037,2677
18038,2677
18039,2677
18040,2677
18041,2677
18042,2677
18043,2677
18044,2677
18045,2677
18046,2677
18047,2677
18048,2677
18049,2677
18050,2677
18051,2677
18052,2677
18053,2677
18054,2677
18055,2677
18056,2677
18057,2677
18058,2677
18059,2677
18060,2677
18061,2677
18062,2677
18063,2677
18064,2677
18065,2677
18066,2677
18067,2677
18068,2677
18069,2677
18070,2677
18071,2677
18072,2677
18073,2677
18074,2677
18075,2677
18076,2677
18077,2677
18078,2677
18079,2677
18080,2677
18081,2677
18082,2677
18083,2677
18084,2677
18085,2677
18086,2677
18087,2677
18088,2677
18089,2677
18090,2677
18091,2677
18092,2677
18093,2677
18094,2677
18095,2677
18096,2677
18097,2677
18098,2677
18099,2677
18100,2677
18101,2677
18102,2677
18103,2677
18104,2677
18105,2677
18106,2677
18107,2677
18108,2677
18109,2677
18110,2677
18111,2677
18112,2677
18113,2677
18114,2677
18115,2677
18116,2677
18117,2677
18118,2677
18119,2677
18120,2677
18121,2677
18122,2677
18123,2677
18124,2677
18125,2677
18126,2677
18127,2677
18128,2677
18129,2677
18130,2677
18131,2677
18132,2677
18133,2677
18134,2677
18135,2677
18136,2677
18137,2677
18138,2677
18139,2677
18140,2677
18141,2677
18142,2677
18143,2677
18144,2677
18145,2677
18146,2677
18147,2677
18148,2677
18149,2677
18150,2677
18151,2677
18152,2677
18153,2677
18154,2677
18155,2677
18156,2677
18157,2677
18158,2677
18159,2677
18160,2677
18161,2677
18162,2677
18163,2677
18164,2677
18165,2677
18166,2677
18167,2677
18168,2677
18169,2677
18170,2677
18171,2677
18172,2677
18173,2677
18174,2677
18175,2677
18176,2677
18177,2677
18178,2677
18179,2677
18180,2677
18181,2677
18182,2677
18183,2681
18184,2681
18185,2681
18186,2681
18187,2681
18188,2681
18189,2681
18190,2681
18191,2681
18192,2681
18193,2681
18194,2681
18195,2681
18196,2681
18197,2681
18198,2681
18199,2681
18200,2681
18201,2709
18202,2709
18203,2709
18204,2709
18205,2709
18206,2709
18207,2709
18208,2709
18209,2709
18210,2709
18211,2709
18212,2709
18213,2709
18214,2709
18215,2709
18216,2709
18217,2709
18218,2709
18219,2709
18220,2709
18221,2709
18222,2709
18223,2709
18224,2709
18225,2709
18226,2709
18227,2709
18228,2709
18229,2709
18230,2709
18231,2709
18232,2709
18233,2709
18234,2709
18235,2709
18236,2709
18237,2709
18238,2709
18239,2709
18240,2709
18241,2709
18242,2709
18243,2709
18244,2709
18245,2709
18246,2709
18247,2709
18248,2709
18249,2709
18250,2709
18251,2709
18252,2709
18253,2709
18254,2709
18255,2709
18256,2709
18257,2709
18258,2709
18259,2709
18260,2709
18261,2709
18262,2709
18263,2709
18264,2709
18265,2709
18266,2709
18267,2709
18268,2709
18269,2709
18270,2709
18271,2709
18272,2709
18273,2709
18274,2709
18275,2709
18276,2709
18277,2709
18278,2709
18279,2709
18280,2709
18281,2709
18282,2709
18283,2709
18284,2709
18285,2709
18286,2709
18287,2709
18288,2709
18289,2709
18290,2709
18291,2709
18292,2709
18293,2709
18294,2713
18295,2713
18296,2713
18297,2713
18298,2713
18299,2713
18300,2713
18301,2713
18302,2713
18303,2713
18304,2713
18305,2713
18306,2713
18307,2713
18308,2713
18309,2713
18310,2713
18311,2713
18312,2713
18313,2713
18314,2713
18315,2713
18316,2713
18317,2713
18318,2713
18319,2713
18320,2713
18321,2713
18322,2713
18323,2713
18324,2713
18325,2713
18326,2713
18327,2713
18328,2713
18329,2713
18330,2720
18331,2720
18332,2720
18333,2720
18334,2720
18335,2720
18336,2720
18337,2720
18338,2720
18339,2720
18340,2745
18341,2745
18342,2745
18343,2745
18344,2745
18345,2745
18346,2745
18347,2745
18348,2745
18349,2745
18350,2745
18351,2745
18352,2745
18353,2745
18354,2745
18355,2745
18356,2747
18357,2747
18358,2747
18359,2747
18360,2747
18361,2747
18362,2747
18363,2747
18364,2747
18365,2747
18366,2747
18367,2747
18368,2747
18369,2747
18370,2747
18371,2747
18372,2747
18373,2747
18374,2747
18375,2747
18376,2747
18377,2747
18378,2747
18379,2747
18380,2747
18381,2747
18382,2747
18383,2747
18384,2747
18385,2747
18386,2747
18387,2747
18388,2747
18389,2747
18390,2747
18391,2747
18392,2747
18393,2747
18394,2747
18395,2747
18396,2747
18397,2747
18398,2747
18399,2747
18400,2747
18401,2747
18402,2747
18403,2747
18404,2747
18405,2747
18406,2747
18407,2747
18408,2747
18409,2747
18410,2747
18411,2747
18412,2747
18413,2747
18414,2747
18415,2747
18416,2747
18417,2747
18418,2747
18419,2747
18420,2747
18421,2747
18422,2747
18423,2747
18424,2747
18425,2747
18426,2747
18427,2747
18428,2747
18429,2747
18430,2747
18431,2747
18432,2747
18433,2747
18434,2747
18435,2747
18436,2747
18437,2747
18438,2747
18439,2747
18440,2747
18441,2747
18442,2747
18443,2747
18444,2747
18445,2747
18446,2747
18447,2747
18448,2747
18449,2747
18450,2747
18451,2747
18452,2747
18453,2747
18454,2747
18455,2747
18456,2747
18457,2747
18458,2747
18459,2747
18460,2747
18461,2747
18462,2747
18463,2747
18464,2747
18465,2747
18466,2747
18467,2747
18468,2747
18469,2747
18470,2747
18471,2747
18472,2747
18473,2747
18474,2747
18475,2747
18476,2747
18477,2749
18478,2749
18479,2749
18480,2749
18481,2749
18482,2749
18483,2749
18484,2749
18485,2749
18486,2749
18487,2749
18488,2749
18489,2749
18490,2749
18491,2749
18492,2749
18493,2749
18494,2749
18495,2749
18496,2749
18497,2749
18498,2749
18499,2749
18500,2749
18501,2749
18502,2749
18503,2749
18504,2749
18505,2749
18506,2749
18507,2749
18508,2749
18509,2749
18510,2749
18511,2749
18512,2749
18513,2749
18514,2749
18515,2749
18516,2749
18517,2749
18518,2749
18519,2749
18520,2749
18521,2749
18522,2749
18523,2749
18524,2749
18525,2749
18526,2749
18527,2749
18528,2749
18529,2749
18530,2749
18531,2749
18532,2749
18533,2749
18534,2749
18535,2749
18536,2749
18537,2749
18538,2749
18539,2749
18540,2749
18541,2749
18542,2749
18543,2749
18544,2749
18545,2749
18546,2749
18547,2749
18548,2749
18549,2749
18550,2749
18551,2749
18552,2749
18553,2749
18554,2749
18555,2749
18556,2749
18557,2749
18558,2749
18559,2749
18560,2749
18561,2749
18562,2749
18563,2749
18564,2749
18565,2749
18566,2749
18567,2749
18568,2749
18569,2749
18570,2749
18571,2749
18572,2749
18573,2749
18574,2749
18575,2749
18576,2749
18577,2749
18578,2749
18579,2749
18580,2749
18581,2749
18582,2749
18583,2749
18584,2749
18585,2749
18586,2749
18587,2749
18588,2749
18589,2749
18590,2749
18591,2749
18592,2749
18593,2749
18594,2749
18595,2749
18596,2749
18597,2749
18598,2749
18599,2749
18600,2749
18601,2749
18602,2749
18603,2749
18604,2749
18605,2749
18606,2749
18607,2749
18608,2749
18609,2749
18610,2749
18611,2749
18612,2749
18613,2749
18614,2749
18615,2749
18616,2749
18617,2749
18618,2749
18619,2772
18620,2772
18621,2772
18622,2772
18623,2772
18624,2772
18625,2772
18626,2772
18627,2772
18628,2772
18629,2772
18630,2772
18631,2772
18632,2772
18633,2772
18634,2772
18635,2772
18636,2772
18637,2772
18638,2772
18639,2772
18640,2772
18641,2772
18642,2772
18643,2772
18644,2772
18645,2772
18646,2772
18647,2772
18648,2772
18649,2772
18650,2772
18651,2772
18652,2772
18653,2772
18654,2772
18655,2772
18656,2772
18657,2772
18658,2772
18659,2772
18660,2772
18661,2772
18662,2772
18663,2772
18664,2772
18665,2772
18666,2772
18667,2772
18668,2772
18669,2772
18670,2772
18671,2772
18672,2772
18673,2772
18674,2772
18675,2773
18676,2773
18677,2773
18678,2773
18679,2773
18680,2773
18681,2773
18682,2773
18683,2773
18684,2773
18685,2773
18686,2773
18687,2773
18688,2773
18689,2773
18690,2773
18691,2773
18692,2773
18693,2773
18694,2773
18695,2773
18696,2773
18697,2773
18698,2773
18699,2773
18700,2773
18701,2773
18702,2773
18703,2773
18704,2773
18705,2773
18706,2773
18707,2773
18708,2773
18709,2773
18710,2773
18711,2773
18712,2773
18713,2773
18714,2773
18715,2773
18716,2773
18717,2773
18718,2773
18719,2773
18720,2773
18721,2773
18722,2773
18723,2773
18724,2773
18725,2773
18726,2773
18727,2773
18728,2773
18729,2773
18730,2773
18731,2773
18732,2773
18733,2773
18734,2773
18735,2773
18736,2773
18737,2773
18738,2773
18739,2773
18740,2773
18741,2773
18742,2773
18743,2773
18744,2773
18745,2773
18746,2773
18747,2773
18748,2773
18749,2773
18750,2773
18751,2773
18752,2773
18753,2773
18754,2773
18755,2773
18756,2773
18757,2773
18758,2773
18759,2773
18760,2773
18761,2773
18762,2773
18763,2789
18764,2789
18765,2791
18766,2791
18767,2791
18768,2791
18769,2791
18770,2791
18771,2791
18772,2791
18773,2791
18774,2791
18775,2791
18776,2791
18777,2791
18778,2791
18779,2791
18780,2791
18781,2791
18782,2791
18783,2791
18784,2791
18785,2791
18786,2791
18787,2791
18788,2791
18789,2791
18790,2791
18791,2791
18792,2791
18793,2791
18794,2791
18795,2791
18796,2791
18797,2791
18798,2791
18799,2791
18800,2791
18801,2791
18802,2791
18803,2791
18804,2791
18805,2791
18806,2791
18807,2791
18808,2791
18809,2791
18810,2791
18811,2791
18812,2791
18813,2791
18814,2791
18815,2791
18816,2791
18817,2791
18818,2791
18819,2791
18820,2791
18821,2791
18822,2791
18823,2791
18824,2791
18825,2791
18826,2791
18827,2791
18828,2791
18829,2791
18830,2791
18831,2791
18832,2791
18833,2791
18834,2791
18835,2791
18836,2791
18837,2791
18838,2791
18839,2791
18840,2791
18841,2791
18842,2791
18843,2791
18844,2791
18845,2791
18846,2791
18847,2791
18848,2791
18849,2791
18850,2791
18851,2791
18852,2791
18853,2791
18854,2791
18855,2791
18856,2791
18857,2791
18858,2791
18859,2791
18860,2791
18861,2791
18862,2791
18863,2791
18864,2791
18865,2791
18866,2791
18867,2791
18868,2795
18869,2795
18870,2795
18871,2795
18872,2795
18873,2795
18874,2795
18875,2795
18876,2795
18877,2795
18878,2795
18879,2795
18880,2795
18881,2795
18882,2795
18883,2796
18884,2796
18885,2796
18886,2796
18887,2796
18888,2796
18889,2796
18890,2796
18891,2796
18892,2796
18893,2796
18894,2796
18895,2796
18896,2796
18897,2796
18898,2796
18899,2796
18900,2796
18901,2796
18902,2796
18903,2797
18904,2797
18905,2797
18906,2797
18907,2797
18908,2797
18909,2797
18910,2797
18911,2797
18912,2797
18913,2797
18914,2797
18915,2797
18916,2797
18917,2797
18918,2797
18919,2797
18920,2797
18921,2797
18922,2797
18923,2797
18924,2797
18925,2797
18926,2797
18927,2797
18928,2797
18929,2797
18930,2797
18931,2797
18932,2797
18933,2797
18934,2797
18935,2797
18936,2797
18937,2797
18938,2797
18939,2797
18940,2797
18941,2797
18942,2797
18943,2797
18944,2797
18945,2797
18946,2797
18947,2797
18948,2797
18949,2797
18950,2797
18951,2797
18952,2797
18953,2797
18954,2797
18955,2797
18956,2797
18957,2797
18958,2797
18959,2797
18960,2797
18961,2797
18962,2797
18963,2797
18964,2797
18965,2797
18966,2797
18967,2797
18968,2797
18969,2797
18970,2797
18971,2797
18972,2797
18973,2797
18974,2797
18975,2797
18976,2797
18977,2797
18978,2797
18979,2797
18980,2797
18981,2797
18982,2797
18983,2797
18984,2797
18985,2797
18986,2797
18987,2797
18988,2797
18989,2797
18990,2797
18991,2797
18992,2797
18993,2797
18994,2797
18995,2797
18996,2797
18997,2797
18998,2797
18999,2797
19000,2797
19001,2797
19002,2797
19003,2797
19004,2797
19005,2797
19006,2797
19007,2797
19008,2797
19009,2797
19010,2797
19011,2797
19012,2797
19013,2797
19014,2797
19015,2797
19016,2797
19017,2797
19018,2797
19019,2797
19020,2797
19021,2797
19022,2797
19023,2797
19024,2797
19025,2797
19026,2797
19027,2797
19028,2797
19029,2797
19030,2797
19031,2797
19032,2797
19033,2797
19034,2797
19035,2797
19036,2797
19037,2797
19038,2797
19039,2797
19040,2797
19041,2797
19042,2797
19043,2797
19044,2797
19045,2797
19046,2797
19047,2797
19048,2797
19049,2797
19050,2799
19051,2799
19052,2799
19053,2799
19054,2799
19055,2799
19056,2799
19057,2799
19058,2799
19059,2799
19060,2799
19061,2799
19062,2799
19063,2799
19064,2799
19065,2799
19066,2799
19067,2799
19068,2799
19069,2799
19070,2799
19071,2799
19072,2799
19073,2799
19074,2799
19075,2799
19076,2799
19077,2799
19078,2799
19079,2799
19080,2799
19081,2799
19082,2799
19083,2799
19084,2799
19085,2799
19086,2799
19087,2799
19088,2799
19089,2799
19090,2799
19091,2799
19092,2799
19093,2799
19094,2799
19095,2799
19096,2799
19097,2799
19098,2799
19099,2799
19100,2799
19101,2799
19102,2799
19103,2799
19104,2799
19105,2799
19106,2799
19107,2799
19108,2799
19109,2799
19110,2799
19111,2799
19112,2799
19113,2803
19114,2803
19115,2803
19116,2803
19117,2803
19118,2803
19119,2803
19120,2803
19121,2803
19122,2803
19123,2803
19124,2803
19125,2803
19126,2803
19127,2803
19128,2803
19129,2803
19130,2803
19131,2803
19132,2803
19133,2803
19134,2803
19135,2803
19136,2803
19137,2803
19138,2803
19139,2803
19140,2803
19141,2803
19142,2803
19143,2803
19144,2803
19145,2803
19146,2803
19147,2803
19148,2803
19149,2803
19150,2803
19151,2803
19152,2803
19153,2803
19154,2803
19155,2803
19156,2803
19157,2803
19158,2803
19159,2803
19160,2803
19161,2803
19162,2803
19163,2803
19164,2803
19165,2803
19166,2803
19167,2803
19168,2803
19169,2803
19170,2803
19171,2803
19172,2803
19173,2803
19174,2803
19175,2803
19176,2803
19177,2803
19178,2803
19179,2803
19180,2803
19181,2803
19182,2803
19183,2803
19184,2803
19185,2803
19186,2803
19187,2803
19188,2803
19189,2803
19190,2803
19191,2803
19192,2803
19193,2803
19194,2812
19195,2812
19196,2812
19197,2812
19198,2812
19199,2812
19200,2812
19201,2812
19202,2812
19203,2812
19204,2812
19205,2812
19206,2812
19207,2812
19208,2812
19209,2812
19210,2812
19211,2812
19212,2812
19213,2812
19214,2812
19215,2812
19216,2812
19217,2812
19218,2812
19219,2812
19220,2812
19221,2812
19222,2812
19223,2812
19224,2812
19225,2812
19226,2812
19227,2812
19228,2812
19229,2812
19230,2812
19231,2812
19232,2812
19233,2812
19234,2812
19235,2812
19236,2812
19237,2812
19238,2812
19239,2812
19240,2812
19241,2812
19242,2812
19243,2812
19244,2812
19245,2812
19246,2812
19247,2812
19248,2812
19249,2812
19250,2812
19251,2812
19252,2812
19253,2812
19254,2812
19255,2812
19256,2812
19257,2812
19258,2812
19259,2812
19260,2812
19261,2812
19262,2812
19263,2812
19264,2812
19265,2812
19266,2812
19267,2812
19268,2812
19269,2812
19270,2815
19271,2815
19272,2815
19273,2815
19274,2815
19275,2815
19276,2815
19277,2815
19278,2815
19279,2815
19280,2815
19281,2815
19282,2815
19283,2815
19284,2815
19285,2815
19286,2815
19287,2815
19288,2815
19289,2815
19290,2815
19291,2815
19292,2815
19293,2815
19294,2815
19295,2815
19296,2815
19297,2815
19298,2815
19299,2815
19300,2815
19301,2815
19302,2815
19303,2815
19304,2815
19305,2815
19306,2815
19307,2815
19308,2815
19309,2815
19310,2815
19311,2815
19312,2815
19313,2815
19314,2815
19315,2815
19316,2815
19317,2815
19318,2815
19319,2815
19320,2815
19321,2815
19322,2815
19323,2815
19324,2815
19325,2815
19326,2815
19327,2815
19328,2815
19329,2815
19330,2815
19331,2815
19332,2820
19333,2820
19334,2820
19335,2820
19336,2820
19337,2820
19338,2820
19339,2820
19340,2820
19341,2820
19342,2820
19343,2820
19344,2820
19345,2820
19346,2820
19347,2820
19348,2820
19349,2820
19350,2820
19351,2820
19352,2820
19353,2820
19354,2820
19355,2820
19356,2820
19357,2820
19358,2820
19359,2820
19360,2820
19361,2820
19362,2820
19363,2820
19364,2820
19365,2820
19366,2820
19367,2820
19368,2820
19369,2820
19370,2820
19371,2820
19372,2820
19373,2820
19374,2820
19375,2820
19376,2820
19377,2820
19378,2820
19379,2820
19380,2820
19381,2820
19382,2820
19383,2820
19384,2820
19385,2820
19386,2820
19387,2820
19388,2820
19389,2820
19390,2820
19391,2820
19392,2820
19393,2820
19394,2820
19395,2820
19396,2820
19397,2820
19398,2820
19399,2820
19400,2820
19401,2820
19402,2820
19403,2820
19404,2820
19405,2820
19406,2834
19407,2834
19408,2834
19409,2834
19410,2834
19411,2834
19412,2834
19413,2834
19414,2834
19415,2834
19416,2834
19417,2834
19418,2834
19419,2834
19420,2834
19421,2834
19422,2834
19423,2834
19424,2834
19425,2834
19426,2834
19427,2834
19428,2834
19429,2834
19430,2834
19431,2834
19432,2834
19433,2834
19434,2834
19435,2834
19436,2834
19437,2834
19438,2834
19439,2834
19440,2834
19441,2834
19442,2834
19443,2834
19444,2834
19445,2834
19446,2834
19447,2834
19448,2834
19449,2834
19450,2834
19451,2834
19452,2834
19453,2834
19454,2834
19455,2834
19456,2834
19457,2834
19458,2834
19459,2834
19460,2834
19461,2834
19462,2834
19463,2834
19464,2834
19465,2834
19466,2834
19467,2834
19468,2834
19469,2836
19470,2836
19471,2836
19472,2836
19473,2836
19474,2836
19475,2836
19476,2836
19477,2836
19478,2836
19479,2836
19480,2836
19481,2836
19482,2836
19483,2836
19484,2836
19485,2836
19486,2836
19487,2836
19488,2836
19489,2836
19490,2836
19491,2836
19492,2836
19493,2836
19494,2836
19495,2836
19496,2836
19497,2836
19498,2836
19499,2836
19500,2836
19501,2837
19502,2837
19503,2837
19504,2837
19505,2837
19506,2837
19507,2837
19508,2837
19509,2837
19510,2837
19511,2837
19512,2846
19513,2846
19514,2846
19515,2846
19516,2846
19517,2846
19518,2846
19519,2846
19520,2846
19521,2846
19522,2846
19523,2846
19524,2846
19525,2846
19526,2846
19527,2846
19528,2846
19529,2846
19530,2846
19531,2846
19532,2846
19533,2846
19534,2846
19535,2846
19536,2846
19537,2846
19538,2846
19539,2846
19540,2846
19541,2846
19542,2846
19543,2846
19544,2850
19545,2850
19546,2850
19547,2850
19548,2850
19549,2850
19550,2850
19551,2850
19552,2850
19553,2850
19554,2850
19555,2850
19556,2850
19557,2850
19558,2850
19559,2850
19560,2850
19561,2850
19562,2850
19563,2850
19564,2850
19565,2850
19566,2850
19567,2850
19568,2850
19569,2850
19570,2850
19571,2850
19572,2850
19573,2850
19574,2850
19575,2850
19576,2850
19577,2850
19578,2850
19579,2850
19580,2850
19581,2850
19582,2850
19583,2850
19584,2850
19585,2850
19586,2850
19587,2850
19588,2850
19589,2850
19590,2850
19591,2850
19592,2850
19593,2850
19594,2850
19595,2850
19596,2850
19597,2850
19598,2850
19599,2850
19600,2850
19601,2850
19602,2850
19603,2850
19604,2850
19605,2850
19606,2850
19607,2852
19608,2852
19609,2852
19610,2852
19611,2852
19612,2852
19613,2852
19614,2852
19615,2852
19616,2852
19617,2852
19618,2852
19619,2852
19620,2852
19621,2852
19622,2852
19623,2852
19624,2852
19625,2852
19626,2852
19627,2852
19628,2852
19629,2852
19630,2852
19631,2852
19632,2852
19633,2852
19634,2852
19635,2852
19636,2852
19637,2852
19638,2852
19639,2852
19640,2852
19641,2852
19642,2852
19643,2852
19644,2852
19645,2852
19646,2852
19647,2852
19648,2852
19649,2852
19650,2852
19651,2852
19652,2852
19653,2852
19654,2852
19655,2852
19656,2852
19657,2852
19658,2852
19659,2852
19660,2852
19661,2852
19662,2852
19663,2852
19664,2852
19665,2852
19666,2852
19667,2852
19668,2852
19669,2852
19670,2852
19671,2852
19672,2852
19673,2852
19674,2852
19675,2852
19676,2852
19677,2852
19678,2852
19679,2852
19680,2852
19681,2852
19682,2852
19683,2852
19684,2852
19685,2852
19686,2852
19687,2852
19688,2852
19689,2852
19690,2852
19691,2852
19692,2852
19693,2852
19694,2852
19695,2852
19696,2852
19697,2852
19698,2852
19699,2852
19700,2852
19701,2852
19702,2852
19703,2852
19704,2852
19705,2852
19706,2852
19707,2852
19708,2852
19709,2852
19710,2852
19711,2852
19712,2852
19713,2852
19714,2852
19715,2852
19716,2852
19717,2852
19718,2852
19719,2852
19720,2852
19721,2852
19722,2852
19723,2852
19724,2852
19725,2852
19726,2852
19727,2852
19728,2852
19729,2852
19730,2852
19731,2852
19732,2852
19733,2852
19734,2852
19735,2852
19736,2852
19737,2852
19738,2852
19739,2852
19740,2852
19741,2852
19742,2852
19743,2852
19744,2852
19745,2852
19746,2852
19747,2852
19748,2852
19749,2852
19750,2852
19751,2852
19752,2852
19753,2852
19754,2852
19755,2852
19756,2852
19757,2852
19758,2852
19759,2852
19760,2852
19761,2852
19762,2852
19763,2852
19764,2852
19765,2852
19766,2852
19767,2852
19768,2852
19769,2852
19770,2852
19771,2852
19772,2852
19773,2852
19774,2852
19775,2852
19776,2852
19777,2852
19778,2852
19779,2852
19780,2852
19781,2852
19782,2852
19783,2852
19784,2852
19785,2852
19786,2852
19787,2852
19788,2852
19789,2852
19790,2852
19791,2852
19792,2852
19793,2852
19794,2852
19795,2852
19796,2852
19797,2852
19798,2852
19799,2852
19800,2852
19801,2852
19802,2852
19803,2852
19804,2852
19805,2852
19806,2852
19807,2852
19808,2852
19809,2852
19810,2852
19811,2852
19812,2852
19813,2852
19814,2852
19815,2852
19816,2852
19817,2852
19818,2852
19819,2852
19820,2852
19821,2852
19822,2852
19823,2852
19824,2852
19825,2852
19826,2852
19827,2852
19828,2852
19829,2852
19830,2852
19831,2852
19832,2852
19833,2852
19834,2852
19835,2852
19836,2852
19837,2852
19838,2852
19839,2852
19840,2852
19841,2852
19842,2852
19843,2852
19844,2852
19845,2852
19846,2852
19847,2852
19848,2852
19849,2852
19850,2852
19851,2852
19852,2852
19853,2852
19854,2852
19855,2852
19856,2852
19857,2852
19858,2852
19859,2852
19860,2852
19861,2852
19862,2852
19863,2852
19864,2852
19865,2852
19866,2852
19867,2852
19868,2852
19869,2852
19870,2852
19871,2852
19872,2852
19873,2852
19874,2852
19875,2852
19876,2852
19877,2852
19878,2852
19879,2852
19880,2852
19881,2852
19882,2852
19883,2852
19884,2852
19885,2852
19886,2852
19887,2852
19888,2852
19889,2852
19890,2852
19891,2852
19892,2852
19893,2852
19894,2852
19895,2852
19896,2852
19897,2852
19898,2852
19899,2852
19900,2852
19901,2852
19902,2852
19903,2852
19904,2852
19905,2852
19906,2852
19907,2852
19908,2852
19909,2852
19910,2852
19911,2852
19912,2852
19913,2852
19914,2852
19915,2852
19916,2852
19917,2852
19918,2852
19919,2852
19920,2852
19921,2852
19922,2852
19923,2852
19924,2852
19925,2852
19926,2852
19927,2852
19928,2852
19929,2852
19930,2852
19931,2852
19932,2852
19933,2852
19934,2853
19935,2853
19936,2853
19937,2853
19938,2853
19939,2853
19940,2853
19941,2853
19942,2853
19943,2853
19944,2853
19945,2853
19946,2853
19947,2853
19948,2853
19949,2853
19950,2853
19951,2853
19952,2853
19953,2853
19954,2853
19955,2853
19956,2853
19957,2853
19958,2853
19959,2853
19960,2853
19961,2853
19962,2853
19963,2853
19964,2853
19965,2853
19966,2853
19967,2853
19968,2853
19969,2853
19970,2853
19971,2853
19972,2853
19973,2853
19974,2853
19975,2853
19976,2853
19977,2853
19978,2853
19979,2853
19980,2853
19981,2853
19982,2853
19983,2853
19984,2853
19985,2853
19986,2853
19987,2853
19988,2853
19989,2853
19990,2853
19991,2853
19992,2853
19993,2853
19994,2853
19995,2853
19996,2853
19997,2853
19998,2853
19999,2853
20000,2853
20001,2853
20002,2853
20003,2853
20004,2853
20005,2853
20006,2853
20007,2853
20008,2853
20009,2853
20010,2853
20011,2853
20012,2853
20013,2853
20014,2853
20015,2853
20016,2853
20017,2853
20018,2853
20019,2853
20020,2853
20021,2853
20022,2853
20023,2853
20024,2853
20025,2853
20026,2853
20027,2853
20028,2853
20029,2853
20030,2853
20031,2853
20032,2853
20033,2853
20034,2853
20035,2853
20036,2853
20037,2853
20038,2853
20039,2853
20040,2853
20041,2853
20042,2853
20043,2853
20044,2853
20045,2853
20046,2853
20047,2853
20048,2853
20049,2853
20050,2853
20051,2853
20052,2853
20053,2853
20054,2853
20055,2853
20056,2853
20057,2853
20058,2853
20059,2853
20060,2853
20061,2853
20062,2853
20063,2853
20064,2853
20065,2853
20066,2853
20067,2853
20068,2853
20069,2853
20070,2853
20071,2853
20072,2853
20073,2853
20074,2853
20075,2853
20076,2853
20077,2853
20078,2853
20079,2853
20080,2853
20081,2853
20082,2853
20083,2853
20084,2853
20085,2853
20086,2853
20087,2853
20088,2853
20089,2853
20090,2853
20091,2853
20092,2853
20093,2853
20094,2853
20095,2853
20096,2853
20097,2853
20098,2853
20099,2853
20100,2853
20101,2853
20102,2853
20103,2853
20104,2853
20105,2853
20106,2853
20107,2853
20108,2853
20109,2859
20110,2859
20111,2859
20112,2859
20113,2859
20114,2859
20115,2859
20116,2859
20117,2859
20118,2859
20119,2859
20120,2859
20121,2859
20122,2859
20123,2859
20124,2859
20125,2859
20126,2859
20127,2859
20128,2859
20129,2859
20130,2859
20131,2859
20132,2859
20133,2859
20134,2859
20135,2859
20136,2859
20137,2859
20138,2859
20139,2859
20140,2859
20141,2859
20142,2859
20143,2859
20144,2859
20145,2859
20146,2859
20147,2859
20148,2859
20149,2859
20150,2859
20151,2859
20152,2859
20153,2859
20154,2859
20155,2859
20156,2859
20157,2859
20158,2859
20159,2859
20160,2859
20161,2859
20162,2906
20163,2906
20164,2906
20165,2906
20166,2906
20167,2906
20168,2906
20169,2906
20170,2906
20171,2906
20172,2906
20173,2906
20174,2908
20175,2908
20176,2908
20177,2908
20178,2908
20179,2908
20180,2908
20181,2908
20182,2908
20183,2908
20184,2909
20185,2909
20186,2909
20187,2909
20188,2909
20189,2909
20190,2909
20191,2911
20192,2911
20193,2911
20194,2911
20195,2911
20196,2911
20197,2911
20198,2911
20199,2911
20200,2911
20201,2911
20202,2911
20203,2911
20204,2911
20205,2911
20206,2911
20207,2911
20208,2911
20209,2911
20210,2911
20211,2911
20212,2911
20213,2911
20214,2911
20215,2911
20216,2911
20217,2911
20218,2911
20219,2911
20220,2911
20221,2911
20222,2911
20223,2911
20224,2911
20225,2911
20226,2911
20227,2911
20228,2911
20229,2911
20230,2911
20231,2911
20232,2911
20233,2911
20234,2911
20235,2911
20236,2911
20237,2911
20238,2911
20239,2911
20240,2911
20241,2911
20242,2911
20243,2911
20244,2911
20245,2911
20246,2911
20247,2911
20248,2911
20249,2911
20250,2911
20251,2911
20252,2911
20253,2911
20254,2911
20255,2911
20256,2911
20257,2911
20258,2911
20259,2911
20260,2911
20261,2911
20262,2911
20263,2911
20264,2911
20265,2911
20266,2911
20267,2911
20268,2911
20269,2911
20270,2911
20271,2911
20272,2911
20273,2911
20274,2911
20275,2911
20276,2911
20277,2911
20278,2911
20279,2911
20280,2911
20281,2911
20282,2911
20283,2911
20284,2911
20285,2911
20286,2911
20287,2911
20288,2911
20289,2911
20290,2911
20291,2911
20292,2911
20293,2911
20294,2911
20295,2911
20296,2911
20297,2911
20298,2911
20299,2911
20300,2911
20301,2911
20302,2911
20303,2911
20304,2911
20305,2911
20306,2911
20307,2911
20308,2911
20309,2911
20310,2911
20311,2911
20312,2911
20313,2911
20314,2911
20315,2911
20316,2911
20317,2911
20318,2911
20319,2911
20320,2911
20321,2911
20322,2911
20323,2911
20324,2911
20325,2911
20326,2911
20327,2911
20328,2911
20329,2911
20330,2911
20331,2911
20332,2911
20333,2911
20334,2911
20335,2911
20336,2911
20337,2911
20338,2911
20339,2911
20340,2911
20341,2911
20342,2911
20343,2911
20344,2911
20345,2911
20346,2911
20347,2911
20348,2913
20349,2913
20350,2913
20351,2913
20352,2913
20353,2913
20354,2913
20355,2913
20356,2913
20357,2913
20358,2913
20359,2913
20360,2913
20361,2913
20362,2913
20363,2913
20364,2913
20365,2913
20366,2913
20367,2913
20368,2913
20369,2913
20370,2913
20371,2913
20372,2913
20373,2913
20374,2925
20375,2925
20376,2925
20377,2925
20378,2925
20379,2925
20380,2925
20381,2925
20382,2925
20383,2925
20384,2925
20385,2925
20386,2925
20387,2925
20388,2925
20389,2925
20390,2925
20391,2925
20392,2925
20393,2925
20394,2925
20395,2925
20396,2925
20397,2925
20398,2925
20399,2925
20400,2925
20401,2925
20402,2925
20403,2925
20404,2925
20405,2925
20406,2925
20407,2925
20408,2925
20409,2925
20410,2925
20411,2925
20412,2925
20413,2925
20414,2925
20415,2925
20416,2925
20417,2925
20418,2925
20419,2925
20420,2925
20421,2925
20422,2925
20423,2925
20424,2925
20425,2925
20426,2925
20427,2925
20428,2925
20429,2925
20430,2925
20431,2925
20432,2925
20433,2925
20434,2925
20435,2925
20436,2925
20437,2925
20438,2925
20439,2925
20440,2925
20441,2925
20442,2925
20443,2925
20444,2925
20445,2925
20446,2925
20447,2925
20448,2925
20449,2925
20450,2925
20451,2925
20452,2925
20453,2925
20454,2925
20455,2925
20456,2925
20457,2925
20458,2925
20459,2925
20460,2925
20461,2925
20462,2925
20463,2925
20464,2925
20465,2925
20466,2925
20467,2925
20468,2925
20469,2925
20470,2925
20471,2925
20472,2925
20473,2925
20474,2925
20475,2925
20476,2925
20477,2925
20478,2925
20479,2925
20480,2925
20481,2925
20482,2925
20483,2925
20484,2925
20485,2925
20486,2925
20487,2925
20488,2925
20489,2925
20490,2925
20491,2925
20492,2925
20493,2925
20494,2925
20495,2925
20496,2925
20497,2925
20498,2925
20499,2925
20500,2925
20501,2925
20502,2925
20503,2925
20504,2925
20505,2925
20506,2925
20507,2925
20508,2925
20509,2925
20510,2925
20511,2925
20512,2925
20513,2925
20514,2925
20515,2925
20516,2925
20517,2925
20518,2925
20519,2925
20520,2925
20521,2925
20522,2925
20523,2925
20524,2925
20525,2925
20526,2925
20527,2925
20528,2925
20529,2925
20530,2925
20531,2925
20532,2925
20533,2925
20534,2925
20535,2925
20536,2925
20537,2925
20538,2925
20539,2925
20540,2925
20541,2925
20542,2925
20543,2925
20544,2928
20545,2928
20546,2928
20547,2928
20548,2928
20549,2928
20550,2928
20551,2928
20552,2928
20553,2928
20554,2928
20555,2928
20556,2928
20557,2928
20558,2928
20559,2928
20560,2928
20561,2928
20562,2928
20563,2928
20564,2928
20565,2928
20566,2928
20567,2928
20568,2928
20569,2928
20570,2928
20571,2928
20572,2928
20573,2928
20574,2928
20575,2928
20576,2928
20577,2928
20578,2928
20579,2928
20580,2928
20581,2937
20582,2937
20583,2937
20584,2937
20585,2937
20586,2937
20587,2937
20588,2937
20589,2937
20590,2937
20591,2937
20592,2937
20593,2937
20594,2937
20595,2937
20596,2937
20597,2937
20598,2937
20599,2937
20600,2937
20601,2937
20602,2937
20603,2937
20604,2937
20605,2937
20606,2937
20607,2937
20608,2937
20609,2937
20610,2937
20611,2937
20612,2937
20613,2937
20614,2937
20615,2937
20616,2937
20617,2937
20618,2937
20619,2937
20620,2937
20621,2937
20622,2937
20623,2937
20624,2937
20625,2937
20626,2937
20627,2937
20628,2937
20629,2937
20630,2937
20631,2937
20632,2937
20633,2937
20634,2937
20635,2937
20636,2937
20637,2937
20638,2937
20639,2937
20640,2937
20641,2937
20642,2937
20643,2937
20644,2937
20645,2937
20646,2937
20647,2937
20648,2937
20649,2937
20650,2937
20651,2937
20652,2937
20653,2937
20654,2937
20655,2937
20656,2937
20657,2937
20658,2937
20659,2937
20660,2937
20661,2937
20662,2937
20663,2937
20664,2937
20665,2937
20666,2937
20667,2937
20668,2937
20669,2937
20670,2937
20671,2937
20672,2937
20673,2937
20674,2937
20675,2937
20676,2937
20677,2937
20678,2937
20679,2937
20680,2937
20681,2937
20682,2937
20683,2937
20684,2937
20685,2937
20686,2937
20687,2937
20688,2937
20689,2937
20690,2937
20691,2937
20692,2937
20693,2937
20694,2937
20695,2937
20696,2937
20697,2937
20698,2937
20699,2937
20700,2937
20701,2937
20702,2937
20703,2937
20704,2937
20705,2937
20706,2937
20707,2937
20708,2937
20709,2937
20710,2937
20711,2937
20712,2937
20713,2937
20714,2937
20715,2937
20716,2937
20717,2937
20718,2937
20719,2937
20720,2937
20721,2937
20722,2937
20723,2937
20724,2937
20725,2937
20726,2937
20727,2937
20728,2937
20729,2937
20730,2937
20731,2937
20732,2941
20733,2941
20734,2941
20735,2941
20736,2941
20737,2941
20738,2941
20739,2941
20740,2941
20741,2941
20742,2941
20743,2941
20744,2941
20745,2941
20746,2941
20747,2941
20748,2941
20749,2941
20750,2941
20751,2941
20752,2941
20753,2941
20754,2941
20755,2941
20756,2941
20757,2941
20758,2941
20759,2941
20760,2941
20761,2941
20762,2941
20763,2941
20764,2941
20765,2941
20766,2941
20767,2941
20768,2941
20769,2941
20770,2941
20771,2941
20772,2941
20773,2941
20774,2941
20775,2941
20776,2941
20777,2943
20778,2943
20779,2943
20780,2943
20781,2943
20782,2943
20783,2943
20784,2943
20785,2943
20786,2943
20787,2943
20788,2943
20789,2943
20790,2943
20791,2943
20792,2943
20793,2943
20794,2943
20795,2943
20796,2943
20797,2943
20798,2943
20799,2943
20800,2943
20801,2943
20802,2943
20803,2943
20804,2943
20805,2943
20806,2943
20807,2943
20808,2943
20809,2943
20810,2943
20811,2943
20812,2943
20813,2943
20814,2943
20815,2943
20816,2943
20817,2943
20818,2943
20819,2943
20820,2943
20821,2943
20822,2943
20823,2943
20824,2943
20825,2943
20826,2943
20827,2943
20828,2943
20829,2943
20830,2943
20831,2943
20832,2943
20833,2943
20834,2943
20835,2943
20836,2943
20837,2943
20838,2943
20839,2943
20840,2943
20841,2943
20842,2943
20843,2943
20844,2943
20845,2943
20846,2943
20847,2943
20848,2943
20849,2943
20850,2943
20851,2943
20852,2943
20853,2943
20854,2943
20855,2943
20856,2943
20857,2943
20858,2943
20859,2943
20860,2943
20861,2943
20862,2943
20863,2943
20864,2943
20865,2943
20866,2943
20867,2943
20868,2943
20869,2943
20870,2943
20871,2943
20872,2943
20873,2943
20874,2943
20875,2943
20876,2943
20877,2943
20878,2943
20879,2943
20880,2943
20881,2943
20882,2943
20883,2947
20884,2947
20885,2947
20886,2947
20887,2947
20888,2947
20889,2947
20890,2947
20891,2947
20892,2947
20893,2947
20894,2947
20895,2947
20896,2947
20897,2947
20898,2947
20899,2947
20900,2947
20901,2947
20902,2947
20903,2947
20904,2947
20905,2947
20906,2947
20907,2947
20908,2947
20909,2947
20910,2947
20911,2947
20912,2947
20913,2947
20914,2947
20915,2947
20916,2947
20917,2947
20918,2947
20919,2947
20920,2947
20921,2947
20922,2947
20923,2947
20924,2947
20925,2947
20926,2947
20927,2947
20928,2947
20929,2947
20930,2947
20931,2947
20932,2947
20933,2947
20934,2947
20935,2947
20936,2947
20937,2947
20938,2947
20939,2947
20940,2953
20941,2953
20942,2953
20943,2953
20944,2953
20945,2953
20946,2953
20947,2953
20948,2953
20949,2953
20950,2953
20951,2953
20952,2953
20953,2953
20954,2953
20955,2953
20956,2953
20957,2953
20958,2953
20959,2953
20960,2953
20961,2953
20962,2953
20963,2953
20964,2953
20965,2963
20966,2963
20967,2963
20968,2963
20969,2963
20970,2963
20971,2963
20972,2963
20973,2963
20974,2963
20975,2963
20976,2963
20977,2963
20978,2963
20979,2963
20980,2963
20981,2969
20982,2969
20983,2969
20984,2969
20985,2969
20986,2969
20987,2969
20988,2969
20989,2969
20990,2969
20991,2969
20992,2969
20993,2969
20994,2969
20995,2969
20996,2969
20997,2973
20998,2973
20999,2973
21000,2973
21001,2973
21002,2973
21003,2973
21004,2973
21005,2973
21006,2973
21007,2973
21008,2973
21009,2973
21010,2973
21011,2973
21012,2973
21013,2973
21014,2973
21015,2973
21016,2973
21017,2973
21018,2973
21019,2973
21020,2973
21021,2973
21022,2973
21023,2973
21024,2973
21025,2973
21026,2973
21027,2973
21028,2973
21029,2973
21030,2973
21031,2973
21032,2973
21033,2973
21034,2973
21035,2973
21036,2973
21037,2973
21038,2973
21039,2973
21040,2973
21041,2973
21042,2973
21043,2973
21044,2973
21045,2973
21046,2973
21047,2974
21048,2974
21049,2974
21050,2974
21051,2974
21052,2974
21053,2974
21054,2974
21055,2974
21056,2974
21057,2974
21058,2974
21059,2974
21060,2974
21061,2974
21062,2974
21063,2974
21064,2974
21065,2974
21066,2974
21067,2974
21068,2974
21069,2974
21070,2974
21071,2974
21072,2974
21073,2974
21074,2974
21075,2974
21076,2974
21077,2974
21078,2974
21079,2974
21080,2974
21081,2974
21082,2974
21083,2974
21084,2974
21085,2974
21086,2977
21087,2977
21088,2977
21089,2977
21090,2977
21091,2977
21092,2977
21093,2977
21094,2977
21095,2977
21096,2977
21097,2977
21098,2977
21099,2977
21100,2977
21101,2977
21102,2977
21103,2977
21104,2977
21105,2977
21106,2977
21107,2977
21108,2977
21109,2977
21110,2977
21111,2977
21112,2978
21113,2978
21114,2978
21115,2978
21116,2978
21117,2978
21118,2978
21119,2978
21120,2978
21121,2978
21122,2978
21123,2978
21124,2978
21125,2978
21126,2978
21127,2978
21128,2978
21129,2978
21130,2978
21131,2978
21132,2978
21133,2978
21134,2978
21135,2978
21136,2978
21137,2978
21138,2978
21139,2978
21140,2978
21141,2978
21142,2978
21143,2978
21144,2978
21145,2978
21146,2978
21147,2978
21148,2978
21149,2978
21150,2978
21151,2978
21152,2978
21153,2978
21154,2978
21155,2978
21156,2978
21157,2978
21158,2978
21159,2978
21160,2978
21161,2978
21162,2978
21163,2978
21164,2978
21165,2978
21166,2978
21167,2978
21168,2978
21169,2978
21170,2978
21171,2978
21172,2978
21173,2978
21174,2978
21175,2978
21176,2978
21177,2978
21178,2978
21179,2978
21180,2978
21181,2978
21182,2978
21183,2978
21184,2978
21185,2978
21186,2978
21187,2978
21188,2978
21189,2978
21190,2978
21191,2978
21192,2980
21193,2980
21194,2980
21195,2980
21196,2980
21197,2980
21198,2980
21199,2980
21200,2980
21201,2980
21202,2980
21203,2980
21204,2980
21205,2980
21206,2980
21207,2982
21208,2982
21209,2982
21210,2982
21211,2982
21212,2982
21213,2982
21214,2982
21215,2982
21216,2982
21217,2982
21218,2982
21219,3005
21220,3005
21221,3005
21222,3005
21223,3005
21224,3005
21225,3005
21226,3005
21227,3005
21228,3005
21229,3005
21230,3005
21231,3005
21232,3005
21233,3005
21234,3005
21235,3005
21236,3005
21237,3005
21238,3005
21239,3005
21240,3005
21241,3005
21242,3005
21243,3005
21244,3005
21245,3005
21246,3008
21247,3008
21248,3008
21249,3008
21250,3008
21251,3008
21252,3008
21253,3008
21254,3008
21255,3008
21256,3008
21257,3008
21258,3008
21259,3008
21260,3008
21261,3008
21262,3008
21263,3008
21264,3008
21265,3008
21266,3008
21267,3008
21268,3008
21269,3008
21270,3008
21271,3008
21272,3008
21273,3008
21274,3008
21275,3008
21276,3008
21277,3008
21278,3008
21279,3008
21280,3008
21281,3008
21282,3008
21283,3008
21284,3008
21285,3008
21286,3008
21287,3008
21288,3008
21289,3008
21290,3009
21291,3009
21292,3009
21293,3009
21294,3009
21295,3009
21296,3009
21297,3009
21298,3009
21299,3009
21300,3009
21301,3009
21302,3009
21303,3009
21304,3009
21305,3009
21306,3009
21307,3009
21308,3009
21309,3009
21310,3009
21311,3009
21312,3009
21313,3009
21314,3009
21315,3009
21316,3009
21317,3009
21318,3009
21319,3009
21320,3009
21321,3009
21322,3009
21323,3009
21324,3009
21325,3009
21326,3009
21327,3009
21328,3009
21329,3009
21330,3009
21331,3009
21332,3009
21333,3009
21334,3009
21335,3009
21336,3009
21337,3009
21338,3009
21339,3009
21340,3009
21341,3009
21342,3009
21343,3009
21344,3009
21345,3009
21346,3009
21347,3015
21348,3015
21349,3015
21350,3015
21351,3015
21352,3015
21353,3015
21354,3015
21355,3015
21356,3015
21357,3015
21358,3015
21359,3015
21360,3015
21361,3015
21362,3015
21363,3015
21364,3015
21365,3015
21366,3015
21367,3015
21368,3015
21369,3015
21370,3015
21371,3015
21372,3015
21373,3015
21374,3015
21375,3015
21376,3015
21377,3015
21378,3015
21379,3015
21380,3015
21381,3015
21382,3015
21383,3015
21384,3015
21385,3015
21386,3015
21387,3015
21388,3015
21389,3015
21390,3015
21391,3015
21392,3015
21393,3015
21394,3015
21395,3015
21396,3015
21397,3015
21398,3015
21399,3015
21400,3015
21401,3015
21402,3015
21403,3015
21404,3015
21405,3015
21406,3015
21407,3015
21408,3015
21409,3015
21410,3015
21411,3015
21412,3015
21413,3015
21414,3015
21415,3015
21416,3015
21417,3015
21418,3015
21419,3015
21420,3015
21421,3015
21422,3015
21423,3015
21424,3015
21425,3015
21426,3015
21427,3015
21428,3015
21429,3015
21430,3015
21431,3015
21432,3015
21433,3015
21434,3015
21435,3015
21436,3019
21437,3019
21438,3019
21439,3019
21440,3019
21441,3019
21442,3019
21443,3019
21444,3019
21445,3019
21446,3019
21447,3019
21448,3019
21449,3019
21450,3019
21451,3019
21452,3019
21453,3019
21454,3019
21455,3019
21456,3019
21457,3019
21458,3019
21459,3019
21460,3019
21461,3019
21462,3019
21463,3019
21464,3019
21465,3019
21466,3019
21467,3019
21468,3019
21469,3019
21470,3019
21471,3019
21472,3019
21473,3019
21474,3019
21475,3019
21476,3019
21477,3019
21478,3019
21479,3019
21480,3019
21481,3019
21482,3019
21483,3019
21484,3019
21485,3019
21486,3019
21487,3021
21488,3021
21489,3021
21490,3021
21491,3021
21492,3021
21493,3021
21494,3021
21495,3021
21496,3021
21497,3021
21498,3021
21499,3021
21500,3021
21501,3021
21502,3021
21503,3021
21504,3021
21505,3021
21506,3021
21507,3021
21508,3021
21509,3021
21510,3021
21511,3021
21512,3021
21513,3021
21514,3021
21515,3021
21516,3021
21517,3021
21518,3021
21519,3021
21520,3021
21521,3021
21522,3021
21523,3021
21524,3021
21525,3021
21526,3021
21527,3021
21528,3021
21529,3021
21530,3021
21531,3021
21532,3021
21533,3021
21534,3021
21535,3021
21536,3021
21537,3021
21538,3021
21539,3021
21540,3021
21541,3021
21542,3021
21543,3021
21544,3021
21545,3021
21546,3021
21547,3021
21548,3021
21549,3021
21550,3021
21551,3021
21552,3021
21553,3021
21554,3021
21555,3021
21556,3021
21557,3021
21558,3021
21559,3021
21560,3021
21561,3021
21562,3021
21563,3021
21564,3021
21565,3021
21566,3021
21567,3021
21568,3021
21569,3021
21570,3021
21571,3021
21572,3021
21573,3021
21574,3028
21575,3028
21576,3028
21577,3028
21578,3028
21579,3028
21580,3028
21581,3028
21582,3028
21583,3028
21584,3028
21585,3028
21586,3028
21587,3028
21588,3028
21589,3028
21590,3028
21591,3028
21592,3028
21593,3028
21594,3028
21595,3028
21596,3028
21597,3028
21598,3028
21599,3028
21600,3028
21601,3028
21602,3028
21603,3028
21604,3028
21605,3028
21606,3028
21607,3028
21608,3028
21609,3028
21610,3028
21611,3028
21612,3028
21613,3028
21614,3028
21615,3028
21616,3028
21617,3028
21618,3028
21619,3028
21620,3028
21621,3028
21622,3028
21623,3028
21624,3028
21625,3028
21626,3028
21627,3028
21628,3028
21629,3028
21630,3028
21631,3028
21632,3028
21633,3028
21634,3028
21635,3028
21636,3028
21637,3028
21638,3028
21639,3028
21640,3028
21641,3028
21642,3028
21643,3028
21644,3028
21645,3028
21646,3028
21647,3028
21648,3028
21649,3028
21650,3028
21651,3028
21652,3028
21653,3028
21654,3028
21655,3028
21656,3028
21657,3028
21658,3028
21659,3028
21660,3028
21661,3028
21662,3028
21663,3028
21664,3028
21665,3028
21666,3028
21667,3028
21668,3028
21669,3028
21670,3028
21671,3028
21672,3028
21673,3028
21674,3028
21675,3028
21676,3028
21677,3028
21678,3028
21679,3028
21680,3028
21681,3028
21682,3028
21683,3028
21684,3028
21685,3028
21686,3028
21687,3028
21688,3028
21689,3030
21690,3030
21691,3030
21692,3030
21693,3030
21694,3030
21695,3030
21696,3030
21697,3030
21698,3030
21699,3030
21700,3030
21701,3030
21702,3030
21703,3030
21704,3030
21705,3030
21706,3030
21707,3030
21708,3030
21709,3030
21710,3030
21711,3030
21712,3030
21713,3030
21714,3030
21715,3030
21716,3030
21717,3030
21718,3030
21719,3030
21720,3030
21721,3030
21722,3030
21723,3030
21724,3030
21725,3030
21726,3030
21727,3030
21728,3030
21729,3030
21730,3030
21731,3030
21732,3030
21733,3030
21734,3030
21735,3030
21736,3030
21737,3030
21738,3030
21739,3030
21740,3030
21741,3030
21742,3030
21743,3030
21744,3030
21745,3030
21746,3030
21747,3030
21748,3030
21749,3030
21750,3030
21751,3030
21752,3030
21753,3030
21754,3030
21755,3030
21756,3030
21757,3030
21758,3030
21759,3030
21760,3030
21761,3030
21762,3030
21763,3030
21764,3030
21765,3030
21766,3030
21767,3030
21768,3030
21769,3030
21770,3030
21771,3030
21772,3030
21773,3030
21774,3030
21775,3030
21776,3030
21777,3030
21778,3030
21779,3030
21780,3030
21781,3030
21782,3030
21783,3030
21784,3030
21785,3030
21786,3030
21787,3030
21788,3030
21789,3030
21790,3030
21791,3030
21792,3030
21793,3030
21794,3030
21795,3030
21796,3030
21797,3030
21798,3030
21799,3030
21800,3030
21801,3030
21802,3030
21803,3030
21804,3030
21805,3030
21806,3030
21807,3030
21808,3030
21809,3030
21810,3030
21811,3030
21812,3030
21813,3030
21814,3030
21815,3030
21816,3030
21817,3030
21818,3030
21819,3030
21820,3030
21821,3030
21822,3030
21823,3030
21824,3030
21825,3030
21826,3030
21827,3030
21828,3030
21829,3030
21830,3030
21831,3030
21832,3030
21833,3030
21834,3030
21835,3030
21836,3030
21837,3030
21838,3030
21839,3030
21840,3030
21841,3034
21842,3034
21843,3034
21844,3034
21845,3034
21846,3034
21847,3034
21848,3034
21849,3034
21850,3034
21851,3034
21852,3034
21853,3034
21854,3034
21855,3034
21856,3034
21857,3034
21858,3034
21859,3034
21860,3034
21861,3034
21862,3034
21863,3034
21864,3034
21865,3034
21866,3034
21867,3034
21868,3034
21869,3034
21870,3034
21871,3034
21872,3034
21873,3034
21874,3034
21875,3034
21876,3034
21877,3034
21878,3034
21879,3034
21880,3034
21881,3034
21882,3034
21883,3034
21884,3034
21885,3034
21886,3034
21887,3034
21888,3034
21889,3034
21890,3034
21891,3034
21892,3034
21893,3034
21894,3034
21895,3034
21896,3034
21897,3034
21898,3034
21899,3034
21900,3034
21901,3034
21902,3034
21903,3034
21904,3034
21905,3034
21906,3034
21907,3034
21908,3034
21909,3034
21910,3034
21911,3034
21912,3034
21913,3034
21914,3034
21915,3034
21916,3034
21917,3034
21918,3034
21919,3034
21920,3034
21921,3034
21922,3034
21923,3034
21924,3034
21925,3034
21926,3034
21927,3034
21928,3034
21929,3034
21930,3034
21931,3034
21932,3034
21933,3034
21934,3034
21935,3034
21936,3034
21937,3034
21938,3034
21939,3034
21940,3034
21941,3034
21942,3034
21943,3034
21944,3034
21945,3034
21946,3034
21947,3034
21948,3034
21949,3034
21950,3034
21951,3034
21952,3034
21953,3034
21954,3034
21955,3034
21956,3034
21957,3034
21958,3034
21959,3034
21960,3034
21961,3034
21962,3034
21963,3034
21964,3034
21965,3034
21966,3034
21967,3034
21968,3034
21969,3034
21970,3034
21971,3034
21972,3034
21973,3034
21974,3034
21975,3034
21976,3034
21977,3034
21978,3034
21979,3034
21980,3034
21981,3034
21982,3034
21983,3034
21984,3034
21985,3034
21986,3034
21987,3034
21988,3034
21989,3034
21990,3034
21991,3034
21992,3034
21993,3034
21994,3034
21995,3034
21996,3034
21997,3034
21998,3034
21999,3034
22000,3034
22001,3034
22002,3034
22003,3034
22004,3034
22005,3034
22006,3034
22007,3034
22008,3034
22009,3034
22010,3034
22011,3034
22012,3034
22013,3034
22014,3034
22015,3034
22016,3034
22017,3034
22018,3034
22019,3034
22020,3034
22021,3034
22022,3034
22023,3034
22024,3034
22025,3034
22026,3034
22027,3034
22028,3034
22029,3034
22030,3034
22031,3034
22032,3034
22033,3034
22034,3034
22035,3034
22036,3034
22037,3034
22038,3034
22039,3034
22040,3034
22041,3036
22042,3036
22043,3036
22044,3036
22045,3036
22046,3036
22047,3036
22048,3036
22049,3036
22050,3036
22051,3036
22052,3036
22053,3036
22054,3036
22055,3036
22056,3036
22057,3036
22058,3036
22059,3036
22060,3036
22061,3036
22062,3036
22063,3036
22064,3036
22065,3036
22066,3036
22067,3036
22068,3036
22069,3036
22070,3036
22071,3036
22072,3036
22073,3036
22074,3036
22075,3036
22076,3036
22077,3036
22078,3036
22079,3036
22080,3036
22081,3036
22082,3036
22083,3036
22084,3036
22085,3036
22086,3036
22087,3036
22088,3036
22089,3036
22090,3036
22091,3036
22092,3036
22093,3036
22094,3036
22095,3036
22096,3036
22097,3036
22098,3036
22099,3036
22100,3036
22101,3036
22102,3036
22103,3036
22104,3036
22105,3036
22106,3036
22107,3036
22108,3036
22109,3036
22110,3036
22111,3036
22112,3036
22113,3036
22114,3036
22115,3036
22116,3036
22117,3036
22118,3036
22119,3036
22120,3036
22121,3036
22122,3036
22123,3036
22124,3036
22125,3036
22126,3036
22127,3036
22128,3036
22129,3036
22130,3036
22131,3036
22132,3036
22133,3036
22134,3036
22135,3036
22136,3036
22137,3036
22138,3036
22139,3036
22140,3036
22141,3036
22142,3036
22143,3036
22144,3036
22145,3036
22146,3036
22147,3036
22148,3036
22149,3036
22150,3036
22151,3036
22152,3036
22153,3036
22154,3036
22155,3036
22156,3036
22157,3036
22158,3036
22159,3036
22160,3036
22161,3036
22162,3036
22163,3036
22164,3036
22165,3036
22166,3036
22167,3036
22168,3036
22169,3036
22170,3036
22171,3036
22172,3036
22173,3036
22174,3036
22175,3036
22176,3036
22177,3036
22178,3036
22179,3036
22180,3036
22181,3036
22182,3036
22183,3036
22184,3036
22185,3036
22186,3036
22187,3036
22188,3036
22189,3036
22190,3036
22191,3036
22192,3036
22193,3036
22194,3036
22195,3036
22196,3036
22197,3036
22198,3036
22199,3036
22200,3036
22201,3036
22202,3036
22203,3036
22204,3036
22205,3036
22206,3036
22207,3036
22208,3049
22209,3049
22210,3049
22211,3049
22212,3049
22213,3049
22214,3049
22215,3049
22216,3049
22217,3049
22218,3049
22219,3049
22220,3049
22221,3049
22222,3049
22223,3049
22224,3049
22225,3049
22226,3049
22227,3049
22228,3049
22229,3049
22230,3049
22231,3049
22232,3049
22233,3049
22234,3049
22235,3049
22236,3049
22237,3049
22238,3049
22239,3049
22240,3049
22241,3049
22242,3049
22243,3049
22244,3049
22245,3049
22246,3049
22247,3049
22248,3049
22249,3049
22250,3049
22251,3049
22252,3049
22253,3049
22254,3049
22255,3049
22256,3049
22257,3049
22258,3049
22259,3049
22260,3049
22261,3049
22262,3049
22263,3049
22264,3049
22265,3049
22266,3049
22267,3049
22268,3049
22269,3049
22270,3049
22271,3049
22272,3049
22273,3049
22274,3049
22275,3049
22276,3049
22277,3049
22278,3049
22279,3049
22280,3049
22281,3049
22282,3049
22283,3049
22284,3049
22285,3049
22286,3049
22287,3049
22288,3049
22289,3049
22290,3049
22291,3049
22292,3049
22293,3049
22294,3049
22295,3049
22296,3049
22297,3049
22298,3049
22299,3049
22300,3049
22301,3049
22302,3049
22303,3049
22304,3049
22305,3049
22306,3049
22307,3049
22308,3053
22309,3053
22310,3053
22311,3053
22312,3053
22313,3053
22314,3053
22315,3053
22316,3053
22317,3053
22318,3053
22319,3053
22320,3053
22321,3053
22322,3053
22323,3053
22324,3053
22325,3053
22326,3053
22327,3053
22328,3053
22329,3053
22330,3053
22331,3053
22332,3053
22333,3053
22334,3053
22335,3057
22336,3057
22337,3057
22338,3057
22339,3057
22340,3057
22341,3057
22342,3083
22343,3083
22344,3083
22345,3083
22346,3083
22347,3083
22348,3083
22349,3083
22350,3083
22351,3083
22352,3083
22353,3083
22354,3083
22355,3083
22356,3083
22357,3083
22358,3083
22359,3083
22360,3084
22361,3084
22362,3084
22363,3084
22364,3084
22365,3084
22366,3084
22367,3084
22368,3084
22369,3084
22370,3084
22371,3084
22372,3084
22373,3084
22374,3084
22375,3084
22376,3084
22377,3084
22378,3084
22379,3084
22380,3084
22381,3084
22382,3084
22383,3095
22384,3095
22385,3095
22386,3095
22387,3095
22388,3095
22389,3095
22390,3095
22391,3095
22392,3095
22393,3095
22394,3095
22395,3095
22396,3095
22397,3095
22398,3095
22399,3095
22400,3095
22401,3095
22402,3095
22403,3104
22404,3104
22405,3104
22406,3104
22407,3104
22408,3104
22409,3104
22410,3104
22411,3104
22412,3104
22413,3104
22414,3104
22415,3104
22416,3104
22417,3104
22418,3104
22419,3104
22420,3104
22421,3104
22422,3104
22423,3104
22424,3104
22425,3104
22426,3104
22427,3104
22428,3104
22429,3104
22430,3104
22431,3104
22432,3104
22433,3104
22434,3104
22435,3104
22436,3105
22437,3105
22438,3105
22439,3105
22440,3105
22441,3105
22442,3105
22443,3105
22444,3105
22445,3105
22446,3105
22447,3105
22448,3105
22449,3105
22450,3105
22451,3105
22452,3105
22453,3105
22454,3105
22455,3105
22456,3105
22457,3105
22458,3105
22459,3105
22460,3105
22461,3105
22462,3105
22463,3105
22464,3105
22465,3105
22466,3105
22467,3105
22468,3105
22469,3105
22470,3105
22471,3105
22472,3107
22473,3107
22474,3107
22475,3107
22476,3107
22477,3107
22478,3107
22479,3107
22480,3107
22481,3107
22482,3107
22483,3107
22484,3107
22485,3107
22486,3107
22487,3107
22488,3107
22489,3107
22490,3107
22491,3107
22492,3107
22493,3107
22494,3107
22495,3107
22496,3107
22497,3107
22498,3107
22499,3107
22500,3107
22501,3107
22502,3107
22503,3107
22504,3107
22505,3107
22506,3107
22507,3107
22508,3107
22509,3107
22510,3107
22511,3107
22512,3107
22513,3107
22514,3107
22515,3107
22516,3107
22517,3107
22518,3107
22519,3107
22520,3107
22521,3107
22522,3107
22523,3107
22524,3107
22525,3107
22526,3107
22527,3107
22528,3107
22529,3107
22530,3107
22531,3107
22532,3107
22533,3107
22534,3107
22535,3107
22536,3107
22537,3107
22538,3107
22539,3107
22540,3107
22541,3107
22542,3107
22543,3107
22544,3107
22545,3107
22546,3107
22547,3107
22548,3107
22549,3107
22550,3107
22551,3107
22552,3107
22553,3107
22554,3107
22555,3107
22556,3107
22557,3107
22558,3107
22559,3107
22560,3107
22561,3107
22562,3107
22563,3107
22564,3107
22565,3107
22566,3107
22567,3107
22568,3107
22569,3107
22570,3107
22571,3107
22572,3107
22573,3107
22574,3107
22575,3107
22576,3107
22577,3107
22578,3107
22579,3107
22580,3107
22581,3107
22582,3107
22583,3107
22584,3107
22585,3107
22586,3107
22587,3107
22588,3107
22589,3107
22590,3107
22591,3107
22592,3107
22593,3107
22594,3107
22595,3107
22596,3107
22597,3107
22598,3107
22599,3107
22600,3107
22601,3107
22602,3107
22603,3107
22604,3107
22605,3107
22606,3107
22607,3107
22608,3107
22609,3107
22610,3107
22611,3107
22612,3107
22613,3107
22614,3107
22615,3107
22616,3107
22617,3107
22618,3107
22619,3107
22620,3107
22621,3107
22622,3107
22623,3107
22624,3107
22625,3107
22626,3107
22627,3107
22628,3107
22629,3107
22630,3107
22631,3107
22632,3107
22633,3107
22634,3107
22635,3107
22636,3107
22637,3107
22638,3107
22639,3107
22640,3107
22641,3107
22642,3107
22643,3107
22644,3107
22645,3107
22646,3107
22647,3107
22648,3107
22649,3107
22650,3107
22651,3107
22652,3107
22653,3107
22654,3107
22655,3107
22656,3107
22657,3107
22658,3107
22659,3107
22660,3107
22661,3107
22662,3107
22663,3107
22664,3107
22665,3107
22666,3107
22667,3107
22668,3107
22669,3107
22670,3107
22671,3107
22672,3107
22673,3107
22674,3107
22675,3107
22676,3107
22677,3107
22678,3107
22679,3107
22680,3107
22681,3107
22682,3107
22683,3107
22684,3107
22685,3107
22686,3107
22687,3107
22688,3107
22689,3107
22690,3107
22691,3107
22692,3107
22693,3107
22694,3107
22695,3107
22696,3107
22697,3107
22698,3107
22699,3107
22700,3107
22701,3107
22702,3107
22703,3107
22704,3107
22705,3107
22706,3107
22707,3107
22708,3107
22709,3107
22710,3107
22711,3107
22712,3107
22713,3107
22714,3107
22715,3107
22716,3107
22717,3107
22718,3107
22719,3107
22720,3107
22721,3107
22722,3107
22723,3107
22724,3107
22725,3109
22726,3109
22727,3109
22728,3109
22729,3109
22730,3109
22731,3109
22732,3109
22733,3109
22734,3109
22735,3109
22736,3109
22737,3109
22738,3109
22739,3109
22740,3109
22741,3109
22742,3109
22743,3109
22744,3109
22745,3109
22746,3109
22747,3109
22748,3109
22749,3114
22750,3114
22751,3114
22752,3114
22753,3114
22754,3114
22755,3114
22756,3114
22757,3114
22758,3114
22759,3114
22760,3114
22761,3114
22762,3114
22763,3114
22764,3114
22765,3114
22766,3114
22767,3114
22768,3114
22769,3114
22770,3114
22771,3114
22772,3114
22773,3114
22774,3114
22775,3114
22776,3114
22777,3114
22778,3114
22779,3114
22780,3114
22781,3114
22782,3114
22783,3114
22784,3114
22785,3114
22786,3114
22787,3114
22788,3114
22789,3114
22790,3114
22791,3114
22792,3114
22793,3114
22794,3114
22795,3123
22796,3123
22797,3123
22798,3123
22799,3123
22800,3125
22801,3125
22802,3125
22803,3125
22804,3125
22805,3125
22806,3125
22807,3125
22808,3125
22809,3125
22810,3125
22811,3125
22812,3125
22813,3125
22814,3125
22815,3129
22816,3129
22817,3129
22818,3129
22819,3129
22820,3129
22821,3129
22822,3129
22823,3129
22824,3129
22825,3129
22826,3129
22827,3129
22828,3129
22829,3129
22830,3129
22831,3129
22832,3129
22833,3129
22834,3129
22835,3129
22836,3129
22837,3129
22838,3129
22839,3129
22840,3129
22841,3129
22842,3129
22843,3129
22844,3129
22845,3129
22846,3129
22847,3129
22848,3129
22849,3129
22850,3129
22851,3129
22852,3129
22853,3129
22854,3129
22855,3129
22856,3129
22857,3129
22858,3129
22859,3129
22860,3129
22861,3129
22862,3129
22863,3129
22864,3129
22865,3129
22866,3129
22867,3129
22868,3129
22869,3129
22870,3129
22871,3129
22872,3129
22873,3129
22874,3129
22875,3129
22876,3129
22877,3129
22878,3129
22879,3130
22880,3130
22881,3130
22882,3130
22883,3130
22884,3130
22885,3130
22886,3130
22887,3130
22888,3130
22889,3130
22890,3130
22891,3130
22892,3130
22893,3130
22894,3130
22895,3144
22896,3144
22897,3144
22898,3144
22899,3144
22900,3144
22901,3144
22902,3144
22903,3144
22904,3144
22905,3144
22906,3144
22907,3144
22908,3144
22909,3144
22910,3144
22911,3144
22912,3144
22913,3144
22914,3144
22915,3144
22916,3144
22917,3144
22918,3144
22919,3144
22920,3144
22921,3144
22922,3144
22923,3144
22924,3144
22925,3144
22926,3144
22927,3144
22928,3144
22929,3144
22930,3144
22931,3144
22932,3144
22933,3144
22934,3144
22935,3144
22936,3144
22937,3144
22938,3144
22939,3144
22940,3144
22941,3144
22942,3144
22943,3144
22944,3144
22945,3144
22946,3144
22947,3144
22948,3144
22949,3144
22950,3144
22951,3144
22952,3144
22953,3144
22954,3144
22955,3144
22956,3144
22957,3144
22958,3144
22959,3144
22960,3144
22961,3144
22962,3144
22963,3144
22964,3144
22965,3144
22966,3144
22967,3144
22968,3144
22969,3144
22970,3144
22971,3144
22972,3144
22973,3144
22974,3144
22975,3144
22976,3144
22977,3144
22978,3144
22979,3144
22980,3144
22981,3145
22982,3145
22983,3145
22984,3145
22985,3145
22986,3145
22987,3145
22988,3145
22989,3145
22990,3145
22991,3145
22992,3145
22993,3145
22994,3145
22995,3145
22996,3145
22997,3145
22998,3145
22999,3145
23000,3145
23001,3145
23002,3145
23003,3145
23004,3145
23005,3145
23006,3145
23007,3145
23008,3145
23009,3145
23010,3145
23011,3145
23012,3145
23013,3145
23014,3145
23015,3145
23016,3145
23017,3145
23018,3145
23019,3145
23020,3145
23021,3145
23022,3145
23023,3145
23024,3145
23025,3145
23026,3145
23027,3145
23028,3145
23029,3145
23030,3145
23031,3145
23032,3145
23033,3145
23034,3145
23035,3145
23036,3145
23037,3145
23038,3145
23039,3146
23040,3146
23041,3146
23042,3146
23043,3146
23044,3146
23045,3146
23046,3146
23047,3146
23048,3146
23049,3146
23050,3146
23051,3146
23052,3146
23053,3146
23054,3146
23055,3146
23056,3146
23057,3146
23058,3146
23059,3146
23060,3146
23061,3146
23062,3146
23063,3146
23064,3146
23065,3146
23066,3146
23067,3146
23068,3146
23069,3146
23070,3146
23071,3146
23072,3146
23073,3146
23074,3146
23075,3146
23076,3146
23077,3146
23078,3146
23079,3146
23080,3146
23081,3146
23082,3146
23083,3146
23084,3146
23085,3146
23086,3146
23087,3146
23088,3146
23089,3146
23090,3146
23091,3146
23092,3146
23093,3146
23094,3146
23095,3146
23096,3146
23097,3146
23098,3146
23099,3146
23100,3146
23101,3146
23102,3146
23103,3146
23104,3146
23105,3146
23106,3146
23107,3146
23108,3146
23109,3146
23110,3146
23111,3146
23112,3146
23113,3146
23114,3146
23115,3146
23116,3146
23117,3146
23118,3146
23119,3146
23120,3146
23121,3146
23122,3146
23123,3146
23124,3146
23125,3146
23126,3146
23127,3146
23128,3146
23129,3146
23130,3146
23131,3146
23132,3146
23133,3146
23134,3146
23135,3146
23136,3146
23137,3146
23138,3146
23139,3146
23140,3146
23141,3146
23142,3146
23143,3146
23144,3146
23145,3146
23146,3146
23147,3146
23148,3146
23149,3146
23150,3146
23151,3146
23152,3146
23153,3146
23154,3146
23155,3146
23156,3146
23157,3146
23158,3146
23159,3150
23160,3150
23161,3150
23162,3150
23163,3150
23164,3150
23165,3150
23166,3150
23167,3150
23168,3150
23169,3150
23170,3150
23171,3150
23172,3150
23173,3150
23174,3150
23175,3150
23176,3150
23177,3150
23178,3150
23179,3150
23180,3150
23181,3150
23182,3150
23183,3150
23184,3150
23185,3150
23186,3150
23187,3150
23188,3150
23189,3150
23190,3150
23191,3150
23192,3150
23193,3150
23194,3150
23195,3150
23196,3150
23197,3150
23198,3150
23199,3150
23200,3150
23201,3150
23202,3150
23203,3150
23204,3150
23205,3150
23206,3150
23207,3150
23208,3150
23209,3150
23210,3150
23211,3150
23212,3150
23213,3150
23214,3150
23215,3150
23216,3150
23217,3150
23218,3150
23219,3150
23220,3150
23221,3150
23222,3150
23223,3150
23224,3150
23225,3150
23226,3150
23227,3150
23228,3150
23229,3150
23230,3150
23231,3150
23232,3150
23233,3150
23234,3150
23235,3150
23236,3150
23237,3150
23238,3150
23239,3150
23240,3150
23241,3150
23242,3150
23243,3150
23244,3150
23245,3150
23246,3150
23247,3150
23248,3150
23249,3150
23250,3150
23251,3150
23252,3150
23253,3150
23254,3150
23255,3150
23256,3150
23257,3150
23258,3150
23259,3150
23260,3150
23261,3150
23262,3150
23263,3150
23264,3150
23265,3150
23266,3150
23267,3150
23268,3150
23269,3150
23270,3150
23271,3150
23272,3150
23273,3150
23274,3150
23275,3150
23276,3150
23277,3150
23278,3150
23279,3150
23280,3150
23281,3150
23282,3150
23283,3150
23284,3150
23285,3150
23286,3150
23287,3150
23288,3150
23289,3150
23290,3150
23291,3150
23292,3150
23293,3150
23294,3150
23295,3150
23296,3150
23297,3150
23298,3150
23299,3150
23300,3150
23301,3150
23302,3150
23303,3150
23304,3150
23305,3150
23306,3150
23307,3150
23308,3150
23309,3150
23310,3150
23311,3150
23312,3150
23313,3150
23314,3150
23315,3150
23316,3150
23317,3150
23318,3150
23319,3150
23320,3150
23321,3150
23322,3150
23323,3150
23324,3150
23325,3150
23326,3150
23327,3150
23328,3150
23329,3150
23330,3150
23331,3150
23332,3150
23333,3150
23334,3150
23335,3150
23336,3150
23337,3150
23338,3150
23339,3150
23340,3150
23341,3150
23342,3150
23343,3150
23344,3150
23345,3150
23346,3150
23347,3150
23348,3150
23349,3150
23350,3150
23351,3150
23352,3150
23353,3150
23354,3150
23355,3150
23356,3150
23357,3150
23358,3150
23359,3150
23360,3150
23361,3150
23362,3150
23363,3150
23364,3150
23365,3150
23366,3150
23367,3150
23368,3150
23369,3150
23370,3150
23371,3150
23372,3150
23373,3150
23374,3150
23375,3150
23376,3150
23377,3150
23378,3150
23379,3150
23380,3150
23381,3150
23382,3150
23383,3150
23384,3150
23385,3150
23386,3150
23387,3150
23388,3150
23389,3151
23390,3151
23391,3151
23392,3151
23393,3151
23394,3151
23395,3151
23396,3151
23397,3151
23398,3151
23399,3151
23400,3151
23401,3151
23402,3151
23403,3151
23404,3151
23405,3151
23406,3151
23407,3151
23408,3151
23409,3151
23410,3151
23411,3151
23412,3151
23413,3151
23414,3151
23415,3151
23416,3151
23417,3151
23418,3151
23419,3151
23420,3151
23421,3151
23422,3151
23423,3151
23424,3151
23425,3151
23426,3151
23427,3151
23428,3151
23429,3151
23430,3151
23431,3151
23432,3151
23433,3151
23434,3151
23435,3151
23436,3151
23437,3151
23438,3151
23439,3151
23440,3151
23441,3151
23442,3151
23443,3151
23444,3151
23445,3151
23446,3151
23447,3151
23448,3151
23449,3151
23450,3151
23451,3151
23452,3151
23453,3151
23454,3151
23455,3151
23456,3151
23457,3151
23458,3151
23459,3151
23460,3151
23461,3151
23462,3151
23463,3151
23464,3151
23465,3151
23466,3151
23467,3151
23468,3151
23469,3151
23470,3151
23471,3151
23472,3151
23473,3151
23474,3151
23475,3155
23476,3155
23477,3155
23478,3155
23479,3155
23480,3155
23481,3155
23482,3155
23483,3155
23484,3155
23485,3155
23486,3155
23487,3155
23488,3155
23489,3155
23490,3155
23491,3155
23492,3155
23493,3155
23494,3155
23495,3155
23496,3155
23497,3155
23498,3155
23499,3155
23500,3155
23501,3155
23502,3155
23503,3155
23504,3155
23505,3155
23506,3155
23507,3155
23508,3155
23509,3155
23510,3155
23511,3155
23512,3155
23513,3155
23514,3155
23515,3155
23516,3155
23517,3155
23518,3155
23519,3155
23520,3155
23521,3155
23522,3155
23523,3155
23524,3155
23525,3155
23526,3155
23527,3155
23528,3155
23529,3155
23530,3155
23531,3155
23532,3155
23533,3155
23534,3155
23535,3155
23536,3155
23537,3155
23538,3155
23539,3155
23540,3155
23541,3155
23542,3155
23543,3155
23544,3155
23545,3155
23546,3155
23547,3155
23548,3155
23549,3155
23550,3155
23551,3155
23552,3155
23553,3155
23554,3155
23555,3155
23556,3155
23557,3155
23558,3155
23559,3155
23560,3155
23561,3155
23562,3155
23563,3155
23564,3155
23565,3155
23566,3155
23567,3155
23568,3155
23569,3155
23570,3155
23571,3155
23572,3155
23573,3155
23574,3155
23575,3155
23576,3155
23577,3155
23578,3155
23579,3155
23580,3157
23581,3157
23582,3157
23583,3157
23584,3157
23585,3157
23586,3157
23587,3157
23588,3157
23589,3157
23590,3157
23591,3157
23592,3157
23593,3157
23594,3157
23595,3157
23596,3157
23597,3157
23598,3157
23599,3157
23600,3157
23601,3157
23602,3157
23603,3157
23604,3157
23605,3157
23606,3157
23607,3157
23608,3157
23609,3157
23610,3157
23611,3157
23612,3157
23613,3157
23614,3157
23615,3157
23616,3157
23617,3157
23618,3157
23619,3157
23620,3157
23621,3157
23622,3157
23623,3157
23624,3157
23625,3157
23626,3157
23627,3157
23628,3157
23629,3157
23630,3157
23631,3157
23632,3157
23633,3157
23634,3157
23635,3157
23636,3157
23637,3157
23638,3157
23639,3157
23640,3157
23641,3157
23642,3157
23643,3157
23644,3157
23645,3157
23646,3157
23647,3157
23648,3161
23649,3161
23650,3161
23651,3161
23652,3161
23653,3161
23654,3161
23655,3161
23656,3161
23657,3161
23658,3161
23659,3161
23660,3161
23661,3161
23662,3161
23663,3161
23664,3161
23665,3161
23666,3161
23667,3161
23668,3161
23669,3161
23670,3161
23671,3161
23672,3161
23673,3161
23674,3161
23675,3161
23676,3161
23677,3161
23678,3161
23679,3161
23680,3161
23681,3161
23682,3161
23683,3161
23684,3161
23685,3161
23686,3161
23687,3161
23688,3161
23689,3161
23690,3161
23691,3161
23692,3161
23693,3161
23694,3161
23695,3161
23696,3161
23697,3161
23698,3161
23699,3161
23700,3161
23701,3161
23702,3161
23703,3161
23704,3161
23705,3161
23706,3161
23707,3161
23708,3161
23709,3161
23710,3161
23711,3161
23712,3161
23713,3161
23714,3161
23715,3161
23716,3161
23717,3161
23718,3161
23719,3161
23720,3161
23721,3161
23722,3161
23723,3161
23724,3161
23725,3161
23726,3161
23727,3161
23728,3161
23729,3161
23730,3161
23731,3161
23732,3161
23733,3161
23734,3161
23735,3161
23736,3161
23737,3161
23738,3161
23739,3161
23740,3161
23741,3161
23742,3161
23743,3161
23744,3161
23745,3161
23746,3161
23747,3161
23748,3161
23749,3161
23750,3161
23751,3163
23752,3163
23753,3163
23754,3163
23755,3163
23756,3163
23757,3163
23758,3163
23759,3163
23760,3163
23761,3163
23762,3163
23763,3163
23764,3163
23765,3163
23766,3163
23767,3163
23768,3163
23769,3163
23770,3163
23771,3163
23772,3163
23773,3163
23774,3163
23775,3163
23776,3163
23777,3163
23778,3163
23779,3163
23780,3163
23781,3163
23782,3163
23783,3163
23784,3163
23785,3163
23786,3163
23787,3163
23788,3163
23789,3163
23790,3163
23791,3163
23792,3163
23793,3163
23794,3163
23795,3163
23796,3163
23797,3163
23798,3163
23799,3163
23800,3163
23801,3163
23802,3163
23803,3163
23804,3163
23805,3163
23806,3163
23807,3163
23808,3163
23809,3163
23810,3163
23811,3163
23812,3163
23813,3163
23814,3163
23815,3163
23816,3163
23817,3163
23818,3163
23819,3163
23820,3163
23821,3163
23822,3163
23823,3163
23824,3163
23825,3163
23826,3163
23827,3163
23828,3163
23829,3163
23830,3163
23831,3163
23832,3163
23833,3163
23834,3163
23835,3163
23836,3163
23837,3163
23838,3163
23839,3163
23840,3163
23841,3163
23842,3163
23843,3163
23844,3163
23845,3163
23846,3163
23847,3163
23848,3163
23849,3163
23850,3163
23851,3163
23852,3163
23853,3163
23854,3163
23855,3163
23856,3163
23857,3163
23858,3163
23859,3163
23860,3163
23861,3163
23862,3163
23863,3163
23864,3163
23865,3163
23866,3163
23867,3163
23868,3163
23869,3163
23870,3163
23871,3163
23872,3163
23873,3163
23874,3163
23875,3163
23876,3163
23877,3163
23878,3163
23879,3163
23880,3163
23881,3163
23882,3163
23883,3163
23884,3163
23885,3163
23886,3163
23887,3163
23888,3163
23889,3163
23890,3163
23891,3163
23892,3163
23893,3163
23894,3163
23895,3163
23896,3163
23897,3163
23898,3163
23899,3163
23900,3163
23901,3163
23902,3163
23903,3163
23904,3163
23905,3163
23906,3163
23907,3163
23908,3163
23909,3163
23910,3163
23911,3163
23912,3163
23913,3163
23914,3163
23915,3163
23916,3163
23917,3163
23918,3163
23919,3163
23920,3163
23921,3163
23922,3163
23923,3163
23924,3163
23925,3163
23926,3163
23927,3163
23928,3163
23929,3163
23930,3163
23931,3163
23932,3163
23933,3163
23934,3163
23935,3163
23936,3163
23937,3163
23938,3163
23939,3163
23940,3163
23941,3163
23942,3163
23943,3163
23944,3163
23945,3163
23946,3163
23947,3163
23948,3163
23949,3163
23950,3163
23951,3163
23952,3163
23953,3163
23954,3163
23955,3163
23956,3163
23957,3163
23958,3163
23959,3163
23960,3163
23961,3163
23962,3163
23963,3163
23964,3163
23965,3163
23966,3163
23967,3163
23968,3163
23969,3163
23970,3163
23971,3163
23972,3163
23973,3163
23974,3163
23975,3163
23976,3163
23977,3163
23978,3163
23979,3163
23980,3163
23981,3163
23982,3163
23983,3163
23984,3163
23985,3163
23986,3163
23987,3163
23988,3163
23989,3163
23990,3163
23991,3163
23992,3163
23993,3163
23994,3163
23995,3163
23996,3163
23997,3163
23998,3163
23999,3163
24000,3163
24001,3163
24002,3163
24003,3163
24004,3163
24005,3163
24006,3163
24007,3163
24008,3163
24009,3163
24010,3163
24011,3163
24012,3163
24013,3163
24014,3165
24015,3165
24016,3165
24017,3165
24018,3165
24019,3165
24020,3165
24021,3165
24022,3165
24023,3165
24024,3165
24025,3165
24026,3165
24027,3165
24028,3165
24029,3165
24030,3165
24031,3165
24032,3165
24033,3165
24034,3165
24035,3165
24036,3165
24037,3165
24038,3165
24039,3165
24040,3165
24041,3165
24042,3165
24043,3165
24044,3165
24045,3165
24046,3165
24047,3165
24048,3165
24049,3165
24050,3165
24051,3165
24052,3165
24053,3165
24054,3165
24055,3165
24056,3165
24057,3165
24058,3165
24059,3165
24060,3165
24061,3165
24062,3165
24063,3165
24064,3165
24065,3165
24066,3165
24067,3165
24068,3165
24069,3165
24070,3165
24071,3165
24072,3165
24073,3165
24074,3165
24075,3165
24076,3165
24077,3165
24078,3165
24079,3165
24080,3165
24081,3165
24082,3165
24083,3165
24084,3165
24085,3165
24086,3165
24087,3165
24088,3165
24089,3165
24090,3165
24091,3165
24092,3165
24093,3165
24094,3165
24095,3165
24096,3165
24097,3165
24098,3165
24099,3165
24100,3165
24101,3165
24102,3165
24103,3165
24104,3165
24105,3165
24106,3165
24107,3165
24108,3165
24109,3165
24110,3165
24111,3165
24112,3165
24113,3168
24114,3168
24115,3168
24116,3168
24117,3168
24118,3168
24119,3168
24120,3168
24121,3168
24122,3168
24123,3168
24124,3168
24125,3168
24126,3168
24127,3168
24128,3168
24129,3168
24130,3168
24131,3168
24132,3168
24133,3168
24134,3168
24135,3168
24136,3168
24137,3168
24138,3168
24139,3168
24140,3168
24141,3168
24142,3168
24143,3168
24144,3168
24145,3168
24146,3168
24147,3168
24148,3168
24149,3168
24150,3168
24151,3168
24152,3168
24153,3168
24154,3168
24155,3168
24156,3168
24157,3168
24158,3168
24159,3168
24160,3168
24161,3168
24162,3168
24163,3168
24164,3168
24165,3168
24166,3168
24167,3168
24168,3168
24169,3168
24170,3168
24171,3168
24172,3168
24173,3168
24174,3168
24175,3168
24176,3168
24177,3168
24178,3168
24179,3168
24180,3168
24181,3168
24182,3168
24183,3168
24184,3168
24185,3168
24186,3168
24187,3168
24188,3168
24189,3168
24190,3168
24191,3168
24192,3168
24193,3168
24194,3168
24195,3168
24196,3168
24197,3168
24198,3168
24199,3168
24200,3168
24201,3168
24202,3168
24203,3168
24204,3168
24205,3168
24206,3168
24207,3168
24208,3168
24209,3168
24210,3168
24211,3168
24212,3170
24213,3170
24214,3170
24215,3170
24216,3170
24217,3170
24218,3170
24219,3170
24220,3170
24221,3170
24222,3170
24223,3170
24224,3170
24225,3170
24226,3170
24227,3170
24228,3170
24229,3170
24230,3170
24231,3170
24232,3170
24233,3170
24234,3170
24235,3170
24236,3170
24237,3170
24238,3170
24239,3170
24240,3170
24241,3170
24242,3170
24243,3170
24244,3170
24245,3170
24246,3170
24247,3170
24248,3170
24249,3170
24250,3170
24251,3170
24252,3170
24253,3170
24254,3170
24255,3170
24256,3170
24257,3170
24258,3170
24259,3170
24260,3170
24261,3170
24262,3170
24263,3170
24264,3170
24265,3170
24266,3170
24267,3170
24268,3170
24269,3170
24270,3170
24271,3170
24272,3170
24273,3170
24274,3170
24275,3170
24276,3170
24277,3170
24278,3170
24279,3170
24280,3170
24281,3170
24282,3170
24283,3170
24284,3170
24285,3170
24286,3170
24287,3170
24288,3170
24289,3170
24290,3170
24291,3170
24292,3170
24293,3170
24294,3170
24295,3170
24296,3170
24297,3170
24298,3170
24299,3170
24300,3170
24301,3170
24302,3170
24303,3170
24304,3170
24305,3170
24306,3170
24307,3170
24308,3170
24309,3170
24310,3170
24311,3170
24312,3170
24313,3170
24314,3170
24315,3170
24316,3170
24317,3170
24318,3170
24319,3170
24320,3170
24321,3170
24322,3170
24323,3170
24324,3170
24325,3170
24326,3170
24327,3170
24328,3170
24329,3170
24330,3170
24331,3170
24332,3170
24333,3170
24334,3170
24335,3170
24336,3170
24337,3170
24338,3170
24339,3170
24340,3170
24341,3170
24342,3170
24343,3170
24344,3170
24345,3170
24346,3170
24347,3170
24348,3170
24349,3170
24350,3170
24351,3170
24352,3170
24353,3170
24354,3170
24355,3173
24356,3173
24357,3173
24358,3173
24359,3173
24360,3173
24361,3173
24362,3173
24363,3173
24364,3173
24365,3173
24366,3173
24367,3173
24368,3173
24369,3173
24370,3173
24371,3173
24372,3173
24373,3173
24374,3173
24375,3173
24376,3173
24377,3173
24378,3173
24379,3173
24380,3173
24381,3173
24382,3173
24383,3173
24384,3173
24385,3173
24386,3173
24387,3173
24388,3173
24389,3173
24390,3173
24391,3173
24392,3173
24393,3173
24394,3173
24395,3173
24396,3173
24397,3173
24398,3173
24399,3173
24400,3173
24401,3173
24402,3173
24403,3173
24404,3173
24405,3173
24406,3173
24407,3173
24408,3173
24409,3173
24410,3173
24411,3173
24412,3173
24413,3173
24414,3173
24415,3173
24416,3173
24417,3173
24418,3173
24419,3173
24420,3173
24421,3173
24422,3173
24423,3173
24424,3173
24425,3173
24426,3173
24427,3173
24428,3173
24429,3173
24430,3173
24431,3173
24432,3173
24433,3173
24434,3173
24435,3173
24436,3173
24437,3173
24438,3173
24439,3173
24440,3173
24441,3173
24442,3173
24443,3173
24444,3173
24445,3173
24446,3173
24447,3173
24448,3173
24449,3173
24450,3173
24451,3173
24452,3173
24453,3173
24454,3173
24455,3173
24456,3173
24457,3173
24458,3173
24459,3173
24460,3173
24461,3173
24462,3173
24463,3173
24464,3173
24465,3173
24466,3173
24467,3173
24468,3173
24469,3173
24470,3173
24471,3173
24472,3173
24473,3173
24474,3173
24475,3173
24476,3173
24477,3173
24478,3173
24479,3173
24480,3173
24481,3173
24482,3173
24483,3173
24484,3173
24485,3173
24486,3173
24487,3173
24488,3173
24489,3173
24490,3173
24491,3173
24492,3173
24493,3173
24494,3175
24495,3175
24496,3175
24497,3175
24498,3175
24499,3175
24500,3175
24501,3175
24502,3175
24503,3175
24504,3175
24505,3175
24506,3175
24507,3175
24508,3175
24509,3175
24510,3175
24511,3175
24512,3175
24513,3175
24514,3175
24515,3175
24516,3175
24517,3175
24518,3175
24519,3175
24520,3175
24521,3175
24522,3175
24523,3175
24524,3175
24525,3175
24526,3175
24527,3175
24528,3175
24529,3175
24530,3175
24531,3175
24532,3175
24533,3175
24534,3175
24535,3175
24536,3175
24537,3175
24538,3175
24539,3175
24540,3175
24541,3175
24542,3175
24543,3175
24544,3175
24545,3175
24546,3175
24547,3175
24548,3175
24549,3175
24550,3175
24551,3175
24552,3175
24553,3175
24554,3175
24555,3175
24556,3175
24557,3175
24558,3175
24559,3180
24560,3180
24561,3180
24562,3180
24563,3180
24564,3180
24565,3180
24566,3180
24567,3180
24568,3180
24569,3180
24570,3180
24571,3180
24572,3180
24573,3180
24574,3180
24575,3180
24576,3180
24577,3180
24578,3180
24579,3180
24580,3180
24581,3180
24582,3180
24583,3180
24584,3180
24585,3180
24586,3180
24587,3180
24588,3180
24589,3180
24590,3180
24591,3180
24592,3180
24593,3180
24594,3180
24595,3180
24596,3180
24597,3180
24598,3180
24599,3180
24600,3180
24601,3180
24602,3180
24603,3180
24604,3180
24605,3180
24606,3180
24607,3180
24608,3180
24609,3180
24610,3180
24611,3180
24612,3180
24613,3180
24614,3180
24615,3180
24616,3180
24617,3180
24618,3180
24619,3180
24620,3180
24621,3180
24622,3180
24623,3180
24624,3180
24625,3180
24626,3180
24627,3180
24628,3180
24629,3180
24630,3180
24631,3180
24632,3180
24633,3180
24634,3180
24635,3180
24636,3180
24637,3180
24638,3180
24639,3180
24640,3180
24641,3180
24642,3180
24643,3180
24644,3180
24645,3180
24646,3180
24647,3180
24648,3180
24649,3180
24650,3180
24651,3180
24652,3180
24653,3180
24654,3180
24655,3180
24656,3180
24657,3180
24658,3180
24659,3180
24660,3180
24661,3180
24662,3180
24663,3180
24664,3180
24665,3180
24666,3180
24667,3180
24668,3180
24669,3180
24670,3180
24671,3180
24672,3180
24673,3180
24674,3180
24675,3180
24676,3180
24677,3180
24678,3180
24679,3180
24680,3180
24681,3180
24682,3180
24683,3180
24684,3180
24685,3180
24686,3180
24687,3180
24688,3180
24689,3180
24690,3180
24691,3180
24692,3180
24693,3180
24694,3180
24695,3180
24696,3180
24697,3180
24698,3180
24699,3180
24700,3180
24701,3180
24702,3180
24703,3180
24704,3180
24705,3180
24706,3180
24707,3180
24708,3180
24709,3180
24710,3180
24711,3180
24712,3180
24713,3180
24714,3180
24715,3180
24716,3180
24717,3180
24718,3180
24719,3180
24720,3180
24721,3180
24722,3180
24723,3180
24724,3180
24725,3180
24726,3180
24727,3182
24728,3182
24729,3182
24730,3182
24731,3182
24732,3182
24733,3182
24734,3182
24735,3182
24736,3184
24737,3184
24738,3184
24739,3184
24740,3184
24741,3184
24742,3184
24743,3184
24744,3184
24745,3184
24746,3184
24747,3184
24748,3184
24749,3184
24750,3184
24751,3184
24752,3184
24753,3184
24754,3184
24755,3184
24756,3184
24757,3184
24758,3184
24759,3184
24760,3184
24761,3184
24762,3184
24763,3184
24764,3184
24765,3184
24766,3184
24767,3184
24768,3184
24769,3184
24770,3184
24771,3184
24772,3184
24773,3184
24774,3184
24775,3184
24776,3184
24777,3184
24778,3184
24779,3184
24780,3184
24781,3188
24782,3188
24783,3188
24784,3188
24785,3188
24786,3188
24787,3188
24788,3190
24789,3190
24790,3190
24791,3190
24792,3190
24793,3190
24794,3190
24795,3190
24796,3190
24797,3190
24798,3194
24799,3194
24800,3194
24801,3194
24802,3194
24803,3194
24804,3194
24805,3194
24806,3194
24807,3194
24808,3194
24809,3194
24810,3194
24811,3194
24812,3194
24813,3194
24814,3194
24815,3194
24816,3194
24817,3194
24818,3194
24819,3194
24820,3194
24821,3194
24822,3194
24823,3194
24824,3194
24825,3194
24826,3194
24827,3194
24828,3194
24829,3194
24830,3194
24831,3194
24832,3194
24833,3194
24834,3194
24835,3194
24836,3194
24837,3194
24838,3194
24839,3194
24840,3194
24841,3194
24842,3194
24843,3194
24844,3194
24845,3194
24846,3194
24847,3194
24848,3194
24849,3194
24850,3194
24851,3194
24852,3194
24853,3194
24854,3194
24855,3194
24856,3194
24857,3194
24858,3194
24859,3194
24860,3194
24861,3194
24862,3194
24863,3194
24864,3194
24865,3194
24866,3194
24867,3194
24868,3194
24869,3194
24870,3194
24871,3194
24872,3194
24873,3194
24874,3194
24875,3194
24876,3194
24877,3194
24878,3194
24879,3194
24880,3194
24881,3194
24882,3194
24883,3194
24884,3194
24885,3194
24886,3194
24887,3194
24888,3194
24889,3194
24890,3194
24891,3194
24892,3194
24893,3194
24894,3194
24895,3194
24896,3194
24897,3194
24898,3194
24899,3194
24900,3194
24901,3194
24902,3194
24903,3194
24904,3194
24905,3194
24906,3194
24907,3194
24908,3194
24909,3194
24910,3194
24911,3194
24912,3194
24913,3194
24914,3194
24915,3194
24916,3194
24917,3194
24918,3194
24919,3194
24920,3194
24921,3194
24922,3194
24923,3194
24924,3194
24925,3194
24926,3194
24927,3194
24928,3194
24929,3194
24930,3194
24931,3194
24932,3194
24933,3194
24934,3194
24935,3194
24936,3194
24937,3194
24938,3194
24939,3194
24940,3194
24941,3194
24942,3194
24943,3194
24944,3194
24945,3194
24946,3194
24947,3194
24948,3194
24949,3194
24950,3194
24951,3194
24952,3194
24953,3194
24954,3194
24955,3194
24956,3194
24957,3194
24958,3194
24959,3194
24960,3194
24961,3194
24962,3194
24963,3194
24964,3194
24965,3194
24966,3194
24967,3194
24968,3194
24969,3194
24970,3194
24971,3194
24972,3194
24973,3194
24974,3194
24975,3194
24976,3194
24977,3194
24978,3194
24979,3194
24980,3194
24981,3194
24982,3194
24983,3194
24984,3194
24985,3194
24986,3194
24987,3194
24988,3194
24989,3194
24990,3194
24991,3194
24992,3194
24993,3194
24994,3194
24995,3194
24996,3194
24997,3194
24998,3194
24999,3194
25000,3194
25001,3194
25002,3194
25003,3194
25004,3194
25005,3194
25006,3194
25007,3194
25008,3194
25009,3194
25010,3194
25011,3194
25012,3194
25013,3194
25014,3194
25015,3194
25016,3194
25017,3194
25018,3194
25019,3194
25020,3194
25021,3194
25022,3194
25023,3194
25024,3194
25025,3194
25026,3194
25027,3194
25028,3194
25029,3194
25030,3194
25031,3194
25032,3194
25033,3194
25034,3194
25035,3194
25036,3194
25037,3194
25038,3194
25039,3194
25040,3194
25041,3194
25042,3194
25043,3194
25044,3194
25045,3194
25046,3194
25047,3194
25048,3194
25049,3194
25050,3194
25051,3194
25052,3194
25053,3194
25054,3194
25055,3194
25056,3194
25057,3194
25058,3194
25059,3194
25060,3194
25061,3194
25062,3194
25063,3194
25064,3194
25065,3194
25066,3194
25067,3194
25068,3194
25069,3194
25070,3194
25071,3194
25072,3194
25073,3194
25074,3194
25075,3194
25076,3194
25077,3194
25078,3194
25079,3194
25080,3194
25081,3194
25082,3194
25083,3194
25084,3194
25085,3194
25086,3194
25087,3194
25088,3194
25089,3194
25090,3194
25091,3194
25092,3194
25093,3194
25094,3194
25095,3194
25096,3194
25097,3194
25098,3194
25099,3194
25100,3194
25101,3194
25102,3194
25103,3194
25104,3194
25105,3194
25106,3194
25107,3194
25108,3194
25109,3194
25110,3194
25111,3194
25112,3194
25113,3194
25114,3194
25115,3194
25116,3194
25117,3194
25118,3194
25119,3194
25120,3194
25121,3194
25122,3194
25123,3194
25124,3194
25125,3194
25126,3194
25127,3194
25128,3194
25129,3194
25130,3194
25131,3194
25132,3194
25133,3194
25134,3194
25135,3194
25136,3194
25137,3194
25138,3194
25139,3194
25140,3194
25141,3194
25142,3194
25143,3194
25144,3194
25145,3194
25146,3194
25147,3194
25148,3194
25149,3194
25150,3194
25151,3194
25152,3194
25153,3194
25154,3194
25155,3194
25156,3194
25157,3194
25158,3194
25159,3194
25160,3194
25161,3194
25162,3194
25163,3194
25164,3194
25165,3194
25166,3194
25167,3194
25168,3194
25169,3194
25170,3194
25171,3194
25172,3194
25173,3194
25174,3194
25175,3194
25176,3194
25177,3194
25178,3194
25179,3194
25180,3194
25181,3194
25182,3194
25183,3194
25184,3194
25185,3194
25186,3194
25187,3194
25188,3194
25189,3194
25190,3194
25191,3194
25192,3194
25193,3194
25194,3194
25195,3194
25196,3194
25197,3194
25198,3194
25199,3194
25200,3194
25201,3194
25202,3194
25203,3194
25204,3194
25205,3194
25206,3194
25207,3194
25208,3194
25209,3194
25210,3194
25211,3194
25212,3194
25213,3194
25214,3194
25215,3194
25216,3194
25217,3194
25218,3194
25219,3194
25220,3194
25221,3194
25222,3194
25223,3194
25224,3194
25225,3194
25226,3194
25227,3194
25228,3194
25229,3194
25230,3194
25231,3194
25232,3194
25233,3194
25234,3194
25235,3194
25236,3194
25237,3194
25238,3194
25239,3194
25240,3194
25241,3194
25242,3194
25243,3194
25244,3194
25245,3194
25246,3194
25247,3194
25248,3194
25249,3194
25250,3194
25251,3194
25252,3196
25253,3196
25254,3196
25255,3196
25256,3196
25257,3196
25258,3196
25259,3196
25260,3196
25261,3196
25262,3196
25263,3196
25264,3196
25265,3196
25266,3196
25267,3196
25268,3196
25269,3196
25270,3196
25271,3196
25272,3196
25273,3196
25274,3196
25275,3196
25276,3196
25277,3196
25278,3196
25279,3196
25280,3196
25281,3196
25282,3196
25283,3196
25284,3196
25285,3196
25286,3196
25287,3196
25288,3196
25289,3196
25290,3196
25291,3196
25292,3196
25293,3196
25294,3196
25295,3196
25296,3196
25297,3196
25298,3196
25299,3196
25300,3196
25301,3196
25302,3196
25303,3196
25304,3196
25305,3196
25306,3196
25307,3196
25308,3196
25309,3196
25310,3196
25311,3196
25312,3196
25313,3196
25314,3196
25315,3196
25316,3196
25317,3196
25318,3196
25319,3196
25320,3196
25321,3196
25322,3196
25323,3196
25324,3196
25325,3196
25326,3196
25327,3196
25328,3196
25329,3196
25330,3196
25331,3196
25332,3196
25333,3196
25334,3196
25335,3196
25336,3196
25337,3196
25338,3196
25339,3196
25340,3196
25341,3196
25342,3196
25343,3196
25344,3196
25345,3196
25346,3196
25347,3196
25348,3196
25349,3196
25350,3196
25351,3196
25352,3196
25353,3196
25354,3196
25355,3196
25356,3196
25357,3196
25358,3196
25359,3196
25360,3196
25361,3196
25362,3196
25363,3196
25364,3196
25365,3196
25366,3196
25367,3196
25368,3196
25369,3196
25370,3196
25371,3196
25372,3196
25373,3196
25374,3196
25375,3196
25376,3196
25377,3196
25378,3196
25379,3196
25380,3196
25381,3196
25382,3196
25383,3196
25384,3196
25385,3196
25386,3196
25387,3196
25388,3196
25389,3196
25390,3196
25391,3196
25392,3196
25393,3196
25394,3196
25395,3196
25396,3196
25397,3196
25398,3196
25399,3196
25400,3196
25401,3196
25402,3196
25403,3196
25404,3196
25405,3196
25406,3196
25407,3196
25408,3196
25409,3196
25410,3196
25411,3196
25412,3196
25413,3196
25414,3196
25415,3196
25416,3196
25417,3196
25418,3196
25419,3196
25420,3196
25421,3196
25422,3196
25423,3196
25424,3196
25425,3196
25426,3196
25427,3196
25428,3196
25429,3196
25430,3196
25431,3196
25432,3198
25433,3198
25434,3198
25435,3198
25436,3198
25437,3198
25438,3198
25439,3198
25440,3198
25441,3198
25442,3198
25443,3198
25444,3198
25445,3198
25446,3198
25447,3198
25448,3198
25449,3198
25450,3198
25451,3198
25452,3198
25453,3198
25454,3198
25455,3198
25456,3198
25457,3198
25458,3198
25459,3198
25460,3198
25461,3198
25462,3198
25463,3198
25464,3198
25465,3201
25466,3201
25467,3201
25468,3201
25469,3201
25470,3201
25471,3201
25472,3201
25473,3201
25474,3201
25475,3201
25476,3201
25477,3201
25478,3201
25479,3201
25480,3201
25481,3201
25482,3201
25483,3201
25484,3201
25485,3201
25486,3201
25487,3201
25488,3201
25489,3201
25490,3201
25491,3201
25492,3201
25493,3201
25494,3201
25495,3201
25496,3201
25497,3201
25498,3201
25499,3201
25500,3201
25501,3201
25502,3201
25503,3201
25504,3201
25505,3201
25506,3201
25507,3201
25508,3201
25509,3201
25510,3201
25511,3201
25512,3201
25513,3201
25514,3201
25515,3201
25516,3201
25517,3201
25518,3201
25519,3201
25520,3201
25521,3201
25522,3201
25523,3201
25524,3201
25525,3201
25526,3201
25527,3201
25528,3201
25529,3201
25530,3201
25531,3201
25532,3201
25533,3201
25534,3201
25535,3201
25536,3201
25537,3201
25538,3201
25539,3201
25540,3201
25541,3201
25542,3201
25543,3201
25544,3201
25545,3201
25546,3201
25547,3201
25548,3201
25549,3201
25550,3201
25551,3201
25552,3201
25553,3201
25554,3201
25555,3201
25556,3201
25557,3201
25558,3201
25559,3201
25560,3201
25561,3201
25562,3201
25563,3201
25564,3201
25565,3201
25566,3201
25567,3201
25568,3201
25569,3201
25570,3201
25571,3201
25572,3201
25573,3201
25574,3201
25575,3201
25576,3201
25577,3201
25578,3201
25579,3201
25580,3201
25581,3201
25582,3201
25583,3201
25584,3201
25585,3201
25586,3201
25587,3201
25588,3201
25589,3201
25590,3201
25591,3201
25592,3201
25593,3201
25594,3201
25595,3201
25596,3201
25597,3201
25598,3201
25599,3201
25600,3201
25601,3201
25602,3201
25603,3201
25604,3201
25605,3201
25606,3201
25607,3201
25608,3201
25609,3201
25610,3201
25611,3201
25612,3201
25613,3201
25614,3201
25615,3201
25616,3201
25617,3201
25618,3201
25619,3201
25620,3201
25621,3201
25622,3201
25623,3201
25624,3201
25625,3201
25626,3201
25627,3201
25628,3201
25629,3201
25630,3201
25631,3201
25632,3201
25633,3201
25634,3201
25635,3201
25636,3201
25637,3201
25638,3201
25639,3201
25640,3201
25641,3201
25642,3201
25643,3201
25644,3201
25645,3201
25646,3201
25647,3201
25648,3203
25649,3203
25650,3203
25651,3203
25652,3203
25653,3203
25654,3203
25655,3203
25656,3203
25657,3203
25658,3203
25659,3203
25660,3203
25661,3203
25662,3203
25663,3205
25664,3205
25665,3205
25666,3205
25667,3205
25668,3205
25669,3205
25670,3205
25671,3205
25672,3205
25673,3205
25674,3205
25675,3205
25676,3205
25677,3205
25678,3205
25679,3205
25680,3205
25681,3205
25682,3205
25683,3205
25684,3205
25685,3205
25686,3205
25687,3205
25688,3205
25689,3205
25690,3205
25691,3205
25692,3205
25693,3205
25694,3205
25695,3205
25696,3205
25697,3205
25698,3205
25699,3205
25700,3205
25701,3205
25702,3234
25703,3234
25704,3234
25705,3234
25706,3258
25707,3258
25708,3258
25709,3258
25710,3258
25711,3258
25712,3258
25713,3258
25714,3258
25715,3258
25716,3258
25717,3258
25718,3258
25719,3258
25720,3258
25721,3258
25722,3258
25723,3258
25724,3258
25725,3258
25726,3258
25727,3258
25728,3258
25729,3258
25730,3258
25731,3258
25732,3258
25733,3258
25734,3258
25735,3258
25736,3258
25737,3258
25738,3258
25739,3258
25740,3258
25741,3258
25742,3258
25743,3258
25744,3258
25745,3258
25746,3258
25747,3258
25748,3258
25749,3258
25750,3258
25751,3258
25752,3258
25753,3258
25754,3258
25755,3258
25756,3258
25757,3258
25758,3258
25759,3258
25760,3258
25761,3258
25762,3258
25763,3258
25764,3258
25765,3258
25766,3258
25767,3258
25768,3258
25769,3258
25770,3258
25771,3258
25772,3258
25773,3258
25774,3258
25775,3258
25776,3258
25777,3258
25778,3258
25779,3258
25780,3258
25781,3258
25782,3258
25783,3258
25784,3258
25785,3258
25786,3258
25787,3258
25788,3258
25789,3258
25790,3258
25791,3258
25792,3258
25793,3258
25794,3258
25795,3258
25796,3258
25797,3258
25798,3258
25799,3258
25800,3258
25801,3258
25802,3258
25803,3258
25804,3258
25805,3258
25806,3258
25807,3258
25808,3258
25809,3258
25810,3258
25811,3258
25812,3258
25813,3258
25814,3258
25815,3258
25816,3258
25817,3258
25818,3258
25819,3258
25820,3258
25821,3258
25822,3258
25823,3258
25824,3258
25825,3258
25826,3258
25827,3258
25828,3258
25829,3258
25830,3258
25831,3258
25832,3258
25833,3258
25834,3258
25835,3258
25836,3258
25837,3258
25838,3258
25839,3258
25840,3258
25841,3258
25842,3258
25843,3258
25844,3260
25845,3260
25846,3260
25847,3260
25848,3260
25849,3260
25850,3260
25851,3260
25852,3260
25853,3260
25854,3260
25855,3260
25856,3260
25857,3260
25858,3260
25859,3260
25860,3260
25861,3260
25862,3260
25863,3260
25864,3260
25865,3260
25866,3260
25867,3260
25868,3260
25869,3260
25870,3260
25871,3260
25872,3260
25873,3260
25874,3260
25875,3260
25876,3260
25877,3260
25878,3260
25879,3260
25880,3260
25881,3260
25882,3260
25883,3260
25884,3260
25885,3260
25886,3260
25887,3260
25888,3260
25889,3260
25890,3260
25891,3260
25892,3260
25893,3260
25894,3260
25895,3260
25896,3261
25897,3261
25898,3261
25899,3261
25900,3261
25901,3261
25902,3261
25903,3261
25904,3261
25905,3312
25906,3312
25907,3312
25908,3312
25909,3312
25910,3312
25911,3312
25912,3312
25913,3312
25914,3312
25915,3312
25916,3312
25917,3312
25918,3312
25919,3312
25920,3312
25921,3312
25922,3312
25923,3312
25924,3312
25925,3312
25926,3312
25927,3312
25928,3312
25929,3312
25930,3312
25931,3317
25932,3317
25933,3317
25934,3317
25935,3317
25936,3317
25937,3317
25938,3317
25939,3317
25940,3317
25941,3317
25942,3317
25943,3317
25944,3317
25945,3317
25946,3317
25947,3317
25948,3317
25949,3317
25950,3317
25951,3317
25952,3317
25953,3317
25954,3317
25955,3317
25956,3317
25957,3317
25958,3317
25959,3317
25960,3317
25961,3317
25962,3317
25963,3317
25964,3317
25965,3317
25966,3317
25967,3317
25968,3317
25969,3317
25970,3317
25971,3317
25972,3317
25973,3317
25974,3317
25975,3317
25976,3317
25977,3317
25978,3317
25979,3317
25980,3317
25981,3317
25982,3317
25983,3317
25984,3317
25985,3317
25986,3317
25987,3317
25988,3317
25989,3317
25990,3317
25991,3317
25992,3317
25993,3317
25994,3317
25995,3317
25996,3317
25997,3317
25998,3317
25999,3317
26000,3317
26001,3317
26002,3317
26003,3317
26004,3317
26005,3317
26006,3317
26007,3317
26008,3317
26009,3317
26010,3317
26011,3317
26012,3317
26013,3317
26014,3317
26015,3317
26016,3317
26017,3317
26018,3317
26019,3317
26020,3317
26021,3317
26022,3317
26023,3317
26024,3317
26025,3317
26026,3317
26027,3317
26028,3317
26029,3317
26030,3317
26031,3317
26032,3317
26033,3317
26034,3317
26035,3317
26036,3317
26037,3317
26038,3317
26039,3317
26040,3317
26041,3317
26042,3317
26043,3317
26044,3317
26045,3317
26046,3317
26047,3317
26048,3317
26049,3317
26050,3317
26051,3317
26052,3317
26053,3317
26054,3317
26055,3317
26056,3317
26057,3317
26058,3317
26059,3317
26060,3317
26061,3317
26062,3317
26063,3317
26064,3317
26065,3317
26066,3317
26067,3317
26068,3317
26069,3317
26070,3317
26071,3317
26072,3317
26073,3317
26074,3317
26075,3317
26076,3317
26077,3317
26078,3317
26079,3317
26080,3317
26081,3317
26082,3317
26083,3317
26084,3317
26085,3317
26086,3317
26087,3317
26088,3317
26089,3317
26090,3317
26091,3317
26092,3317
26093,3317
26094,3317
26095,3317
26096,3317
26097,3317
26098,3317
26099,3317
26100,3317
26101,3317
26102,3317
26103,3317
26104,3317
26105,3317
26106,3317
26107,3317
26108,3317
26109,3317
26110,3317
26111,3317
26112,3317
26113,3317
26114,3317
26115,3317
26116,3317
26117,3317
26118,3317
26119,3317
26120,3317
26121,3317
26122,3317
26123,3317
26124,3317
26125,3317
26126,3317
26127,3317
26128,3317
26129,3317
26130,3317
26131,3317
26132,3317
26133,3317
26134,3317
26135,3317
26136,3317
26137,3317
26138,3317
26139,3317
26140,3317
26141,3317
26142,3317
26143,3317
26144,3317
26145,3317
26146,3317
26147,3317
26148,3317
26149,3317
26150,3317
26151,3317
26152,3317
26153,3317
26154,3317
26155,3317
26156,3317
26157,3317
26158,3317
26159,3317
26160,3317
26161,3317
26162,3317
26163,3317
26164,3317
26165,3317
26166,3317
26167,3317
26168,3320
26169,3320
26170,3320
26171,3320
26172,3320
26173,3320
26174,3320
26175,3320
26176,3320
26177,3320
26178,3320
26179,3320
26180,3320
26181,3320
26182,3320
26183,3320
26184,3320
26185,3320
26186,3320
26187,3320
26188,3320
26189,3320
26190,3320
26191,3320
26192,3320
26193,3320
26194,3320
26195,3320
26196,3320
26197,3320
26198,3320
26199,3320
26200,3320
26201,3320
26202,3320
26203,3320
26204,3320
26205,3320
26206,3320
26207,3320
26208,3320
26209,3320
26210,3320
26211,3320
26212,3320
26213,3320
26214,3320
26215,3320
26216,3320
26217,3320
26218,3320
26219,3320
26220,3320
26221,3320
26222,3320
26223,3320
26224,3320
26225,3320
26226,3320
26227,3320
26228,3320
26229,3320
26230,3320
26231,3320
26232,3320
26233,3320
26234,3320
26235,3320
26236,3320
26237,3320
26238,3320
26239,3320
26240,3320
26241,3320
26242,3320
26243,3320
26244,3320
26245,3320
26246,3320
26247,3320
26248,3320
26249,3320
26250,3320
26251,3320
26252,3320
26253,3320
26254,3320
26255,3320
26256,3320
26257,3320
26258,3320
26259,3320
26260,3320
26261,3320
26262,3320
26263,3320
26264,3320
26265,3320
26266,3320
26267,3320
26268,3320
26269,3320
26270,3320
26271,3320
26272,3320
26273,3320
26274,3320
26275,3320
26276,3320
26277,3320
26278,3320
26279,3320
26280,3320
26281,3320
26282,3320
26283,3320
26284,3322
26285,3322
26286,3322
26287,3322
26288,3322
26289,3322
26290,3322
26291,3322
26292,3322
26293,3322
26294,3322
26295,3322
26296,3322
26297,3322
26298,3322
26299,3322
26300,3322
26301,3322
26302,3322
26303,3322
26304,3322
26305,3322
26306,3322
26307,3322
26308,3322
26309,3322
26310,3322
26311,3322
26312,3322
26313,3322
26314,3322
26315,3322
26316,3322
26317,3322
26318,3322
26319,3322
26320,3322
26321,3322
26322,3322
26323,3322
26324,3322
26325,3322
26326,3324
26327,3324
26328,3324
26329,3324
26330,3324
26331,3328
26332,3328
26333,3328
26334,3328
26335,3328
26336,3328
26337,3328
26338,3328
26339,3328
26340,3328
26341,3328
26342,3328
26343,3328
26344,3328
26345,3328
26346,3328
26347,3328
26348,3328
26349,3328
26350,3328
26351,3328
26352,3328
26353,3328
26354,3328
26355,3328
26356,3328
26357,3328
26358,3330
26359,3330
26360,3330
26361,3330
26362,3330
26363,3330
26364,3330
26365,3330
26366,3330
26367,3330
26368,3330
26369,3330
26370,3330
26371,3330
26372,3330
26373,3330
26374,3330
26375,3330
26376,3330
26377,3330
26378,3330
26379,3330
26380,3330
26381,3330
26382,3330
26383,3330
26384,3330
26385,3330
26386,3330
26387,3330
26388,3330
26389,3330
26390,3330
26391,3330
26392,3330
26393,3330
26394,3330
26395,3330
26396,3330
26397,3330
26398,3330
26399,3330
26400,3330
26401,3330
26402,3330
26403,3330
26404,3330
26405,3330
26406,3330
26407,3330
26408,3330
26409,3330
26410,3330
26411,3330
26412,3330
26413,3330
26414,3330
26415,3330
26416,3330
26417,3330
26418,3330
26419,3330
26420,3330
26421,3330
26422,3330
26423,3330
26424,3330
26425,3330
26426,3330
26427,3330
26428,3330
26429,3330
26430,3330
26431,3330
26432,3330
26433,3330
26434,3330
26435,3330
26436,3339
26437,3339
26438,3339
26439,3339
26440,3339
26441,3339
26442,3339
26443,3339
26444,3339
26445,3339
26446,3339
26447,3339
26448,3339
26449,3339
26450,3339
26451,3339
26452,3339
26453,3339
26454,3339
26455,3339
26456,3339
26457,3339
26458,3339
26459,3339
26460,3339
26461,3339
26462,3339
26463,3339
26464,3339
26465,3339
26466,3339
26467,3339
26468,3339
26469,3339
26470,3339
26471,3339
26472,3339
26473,3339
26474,3339
26475,3339
26476,3339
26477,3339
26478,3339
26479,3339
26480,3339
26481,3339
26482,3339
26483,3339
26484,3339
26485,3339
26486,3339
26487,3343
26488,3343
26489,3343
26490,3343
26491,3343
26492,3343
26493,3343
26494,3343
26495,3343
26496,3343
26497,3343
26498,3343
26499,3343
26500,3343
26501,3343
26502,3343
26503,3343
26504,3343
26505,3343
26506,3343
26507,3343
26508,3343
26509,3343
26510,3343
26511,3343
26512,3343
26513,3343
26514,3343
26515,3343
26516,3343
26517,3343
26518,3343
26519,3343
26520,3345
26521,3345
26522,3345
26523,3345
26524,3345
26525,3345
26526,3345
26527,3345
26528,3345
26529,3345
26530,3345
26531,3345
26532,3345
26533,3345
26534,3345
26535,3345
26536,3345
26537,3345
26538,3345
26539,3345
26540,3345
26541,3345
26542,3345
26543,3345
26544,3345
26545,3345
26546,3345
26547,3345
26548,3345
26549,3345
26550,3345
26551,3345
26552,3345
26553,3345
26554,3345
26555,3345
26556,3345
26557,3345
26558,3345
26559,3345
26560,3345
26561,3345
26562,3345
26563,3345
26564,3345
26565,3345
26566,3345
26567,3345
26568,3349
26569,3349
26570,3349
26571,3349
26572,3349
26573,3349
26574,3349
26575,3349
26576,3349
26577,3349
26578,3349
26579,3349
26580,3349
26581,3349
26582,3349
26583,3349
26584,3349
26585,3349
26586,3349
26587,3349
26588,3349
26589,3349
26590,3349
26591,3349
26592,3349
26593,3349
26594,3349
26595,3349
26596,3349
26597,3349
26598,3349
26599,3349
26600,3349
26601,3349
26602,3349
26603,3349
26604,3349
26605,3349
26606,3349
26607,3349
26608,3349
26609,3349
26610,3349
26611,3349
26612,3353
26613,3353
26614,3353
26615,3353
26616,3353
26617,3353
26618,3353
26619,3353
26620,3353
26621,3353
26622,3353
26623,3353
26624,3353
26625,3353
26626,3353
26627,3353
26628,3353
26629,3353
26630,3353
26631,3353
26632,3353
26633,3353
26634,3353
26635,3353
26636,3353
26637,3353
26638,3353
26639,3353
26640,3353
26641,3353
26642,3353
26643,3353
26644,3353
26645,3353
26646,3353
26647,3353
26648,3353
26649,3353
26650,3353
26651,3353
26652,3353
26653,3353
26654,3353
26655,3353
26656,3353
26657,3353
26658,3353
26659,3353
26660,3353
26661,3353
26662,3353
26663,3353
26664,3353
26665,3353
26666,3353
26667,3353
26668,3353
26669,3353
26670,3353
26671,3353
26672,3353
26673,3353
26674,3353
26675,3353
26676,3353
26677,3353
26678,3353
26679,3353
26680,3353
26681,3353
26682,3353
26683,3353
26684,3353
26685,3353
26686,3353
26687,3353
26688,3353
26689,3353
26690,3353
26691,3353
26692,3353
26693,3353
26694,3353
26695,3353
26696,3353
26697,3353
26698,3353
26699,3353
26700,3353
26701,3353
26702,3353
26703,3353
26704,3353
26705,3353
26706,3353
26707,3353
26708,3353
26709,3353
26710,3353
26711,3353
26712,3353
26713,3353
26714,3353
26715,3353
26716,3353
26717,3353
26718,3353
26719,3353
26720,3353
26721,3353
26722,3353
26723,3353
26724,3353
26725,3353
26726,3353
26727,3353
26728,3353
26729,3353
26730,3353
26731,3353
26732,3353
26733,3353
26734,3353
26735,3353
26736,3353
26737,3353
26738,3353
26739,3353
26740,3353
26741,3353
26742,3353
26743,3353
26744,3353
26745,3353
26746,3353
26747,3353
26748,3353
26749,3353
26750,3353
26751,3353
26752,3353
26753,3353
26754,3353
26755,3353
26756,3353
26757,3353
26758,3353
26759,3353
26760,3353
26761,3353
26762,3353
26763,3353
26764,3353
26765,3353
26766,3353
26767,3353
26768,3353
26769,3353
26770,3353
26771,3353
26772,3353
26773,3353
26774,3353
26775,3353
26776,3353
26777,3353
26778,3353
26779,3353
26780,3353
26781,3353
26782,3353
26783,3353
26784,3353
26785,3353
26786,3353
26787,3353
26788,3353
26789,3353
26790,3353
26791,3353
26792,3353
26793,3353
26794,3353
26795,3353
26796,3353
26797,3353
26798,3353
26799,3353
26800,3353
26801,3353
26802,3353
26803,3353
26804,3353
26805,3353
26806,3353
26807,3353
26808,3353
26809,3353
26810,3353
26811,3353
26812,3353
26813,3353
26814,3353
26815,3353
26816,3353
26817,3353
26818,3353
26819,3353
26820,3353
26821,3353
26822,3353
26823,3353
26824,3353
26825,3353
26826,3353
26827,3353
26828,3353
26829,3353
26830,3353
26831,3353
26832,3353
26833,3353
26834,3353
26835,3353
26836,3353
26837,3353
26838,3353
26839,3353
26840,3353
26841,3353
26842,3353
26843,3353
26844,3353
26845,3353
26846,3353
26847,3353
26848,3353
26849,3353
26850,3353
26851,3353
26852,3353
26853,3353
26854,3353
26855,3353
26856,3353
26857,3353
26858,3353
26859,3353
26860,3353
26861,3353
26862,3353
26863,3353
26864,3353
26865,3353
26866,3353
26867,3353
26868,3362
26869,3362
26870,3362
26871,3362
26872,3362
26873,3362
26874,3368
26875,3368
26876,3368
26877,3368
26878,3368
26879,3368
26880,3368
26881,3368
26882,3368
26883,3368
26884,3368
26885,3368
26886,3368
26887,3368
26888,3368
26889,3368
26890,3368
26891,3368
26892,3368
26893,3368
26894,3368
26895,3368
26896,3368
26897,3368
26898,3368
26899,3368
26900,3368
26901,3368
26902,3368
26903,3368
26904,3368
26905,3368
26906,3368
26907,3368
26908,3368
26909,3368
26910,3368
26911,3368
26912,3368
26913,3368
26914,3368
26915,3368
26916,3368
26917,3368
26918,3368
26919,3368
26920,3368
26921,3368
26922,3368
26923,3368
26924,3368
26925,3368
26926,3368
26927,3368
26928,3368
26929,3368
26930,3368
26931,3368
26932,3368
26933,3368
26934,3368
26935,3368
26936,3368
26937,3368
26938,3368
26939,3368
26940,3368
26941,3368
26942,3368
26943,3368
26944,3368
26945,3368
26946,3368
26947,3368
26948,3368
26949,3368
26950,3368
26951,3368
26952,3368
26953,3368
26954,3368
26955,3368
26956,3368
26957,3368
26958,3368
26959,3368
26960,3368
26961,3368
26962,3368
26963,3368
26964,3368
26965,3368
26966,3368
26967,3368
26968,3368
26969,3368
26970,3368
26971,3368
26972,3368
26973,3368
26974,3368
26975,3368
26976,3368
26977,3368
26978,3368
26979,3368
26980,3368
26981,3368
26982,3368
26983,3368
26984,3368
26985,3368
26986,3368
26987,3368
26988,3368
26989,3368
26990,3368
26991,3368
26992,3368
26993,3368
26994,3368
26995,3368
26996,3368
26997,3368
26998,3368
26999,3368
27000,3368
27001,3368
27002,3368
27003,3368
27004,3368
27005,3368
27006,3368
27007,3368
27008,3368
27009,3368
27010,3368
27011,3368
27012,3368
27013,3368
27014,3368
27015,3368
27016,3368
27017,3368
27018,3368
27019,3368
27020,3368
27021,3368
27022,3368
27023,3368
27024,3368
27025,3368
27026,3368
27027,3368
27028,3368
27029,3368
27030,3368
27031,3368
27032,3368
27033,3368
27034,3368
27035,3368
27036,3368
27037,3368
27038,3368
27039,3368
27040,3368
27041,3368
27042,3368
27043,3368
27044,3368
27045,3368
27046,3368
27047,3368
27048,3368
27049,3368
27050,3368
27051,3368
27052,3368
27053,3368
27054,3368
27055,3368
27056,3368
27057,3368
27058,3368
27059,3368
27060,3368
27061,3368
27062,3368
27063,3368
27064,3368
27065,3368
27066,3368
27067,3368
27068,3368
27069,3368
27070,3368
27071,3368
27072,3368
27073,3368
27074,3368
27075,3368
27076,3368
27077,3368
27078,3368
27079,3368
27080,3370
27081,3370
27082,3370
27083,3370
27084,3370
27085,3370
27086,3370
27087,3370
27088,3370
27089,3370
27090,3370
27091,3376
27092,3376
27093,3376
27094,3376
27095,3376
27096,3376
27097,3376
27098,3376
27099,3376
27100,3376
27101,3376
27102,3376
27103,3376
27104,3376
27105,3376
27106,3376
27107,3376
27108,3377
27109,3377
27110,3377
27111,3377
27112,3377
27113,3377
27114,3377
27115,3377
27116,3377
27117,3377
27118,3377
27119,3377
27120,3377
27121,3377
27122,3377
27123,3377
27124,3377
27125,3377
27126,3377
27127,3377
27128,3377
27129,3377
27130,3377
27131,3377
27132,3377
27133,3377
27134,3377
27135,3377
27136,3377
27137,3377
27138,3377
27139,3377
27140,3377
27141,3377
27142,3377
27143,3377
27144,3377
27145,3377
27146,3377
27147,3377
27148,3377
27149,3377
27150,3377
27151,3377
27152,3377
27153,3377
27154,3377
27155,3377
27156,3377
27157,3377
27158,3377
27159,3377
27160,3377
27161,3377
27162,3377
27163,3377
27164,3377
27165,3377
27166,3377
27167,3377
27168,3377
27169,3377
27170,3377
27171,3377
27172,3377
27173,3377
27174,3377
27175,3377
27176,3377
27177,3377
27178,3377
27179,3377
27180,3377
27181,3377
27182,3377
27183,3377
27184,3377
27185,3377
27186,3377
27187,3377
27188,3377
27189,3377
27190,3377
27191,3377
27192,3377
27193,3377
27194,3377
27195,3377
27196,3377
27197,3377
27198,3377
27199,3377
27200,3377
27201,3377
27202,3377
27203,3377
27204,3377
27205,3377
27206,3377
27207,3377
27208,3377
27209,3377
27210,3377
27211,3377
27212,3377
27213,3377
27214,3377
27215,3377
27216,3377
27217,3377
27218,3377
27219,3377
27220,3377
27221,3377
27222,3377
27223,3377
27224,3377
27225,3377
27226,3377
27227,3377
27228,3377
27229,3377
27230,3377
27231,3377
27232,3377
27233,3377
27234,3377
27235,3377
27236,3377
27237,3377
27238,3377
27239,3377
27240,3377
27241,3377
27242,3377
27243,3377
27244,3377
27245,3377
27246,3377
27247,3377
27248,3377
27249,3377
27250,3377
27251,3377
27252,3377
27253,3377
27254,3377
27255,3377
27256,3377
27257,3377
27258,3377
27259,3377
27260,3377
27261,3377
27262,3377
27263,3377
27264,3377
27265,3377
27266,3377
27267,3377
27268,3377
27269,3377
27270,3377
27271,3377
27272,3377
27273,3377
27274,3377
27275,3377
27276,3377
27277,3377
27278,3377
27279,3377
27280,3377
27281,3377
27282,3377
27283,3377
27284,3377
27285,3377
27286,3377
27287,3377
27288,3377
27289,3377
27290,3377
27291,3377
27292,3377
27293,3377
27294,3377
27295,3377
27296,3377
27297,3377
27298,3377
27299,3377
27300,3377
27301,3377
27302,3377
27303,3377
27304,3377
27305,3377
27306,3377
27307,3377
27308,3377
27309,3377
27310,3377
27311,3377
27312,3377
27313,3377
27314,3377
27315,3377
27316,3377
27317,3377
27318,3377
27319,3377
27320,3377
27321,3377
27322,3377
27323,3377
27324,3377
27325,3377
27326,3377
27327,3377
27328,3377
27329,3377
27330,3377
27331,3377
27332,3377
27333,3377
27334,3377
27335,3377
27336,3377
27337,3377
27338,3377
27339,3377
27340,3377
27341,3377
27342,3377
27343,3377
27344,3377
27345,3377
27346,3377
27347,3377
27348,3377
27349,3377
27350,3377
27351,3377
27352,3377
27353,3377
27354,3377
27355,3377
27356,3377
27357,3377
27358,3377
27359,3377
27360,3377
27361,3377
27362,3377
27363,3377
27364,3377
27365,3377
27366,3377
27367,3377
27368,3377
27369,3377
27370,3377
27371,3377
27372,3377
27373,3377
27374,3377
27375,3377
27376,3377
27377,3377
27378,3377
27379,3377
27380,3377
27381,3377
27382,3377
27383,3377
27384,3377
27385,3377
27386,3377
27387,3377
27388,3377
27389,3377
27390,3377
27391,3377
27392,3377
27393,3377
27394,3377
27395,3377
27396,3377
27397,3377
27398,3377
27399,3377
27400,3377
27401,3377
27402,3377
27403,3377
27404,3377
27405,3377
27406,3377
27407,3377
27408,3377
27409,3377
27410,3377
27411,3377
27412,3377
27413,3377
27414,3377
27415,3377
27416,3377
27417,3377
27418,3377
27419,3377
27420,3377
27421,3377
27422,3377
27423,3377
27424,3377
27425,3377
27426,3377
27427,3377
27428,3377
27429,3377
27430,3377
27431,3377
27432,3377
27433,3377
27434,3377
27435,3377
27436,3377
27437,3377
27438,3377
27439,3377
27440,3377
27441,3377
27442,3377
27443,3377
27444,3377
27445,3377
27446,3377
27447,3377
27448,3377
27449,3377
27450,3377
27451,3377
27452,3377
27453,3377
27454,3377
27455,3377
27456,3377
27457,3377
27458,3377
27459,3377
27460,3377
27461,3377
27462,3377
27463,3377
27464,3377
27465,3377
27466,3377
27467,3377
27468,3377
27469,3377
27470,3377
27471,3377
27472,3377
27473,3377
27474,3377
27475,3377
27476,3377
27477,3377
27478,3377
27479,3377
27480,3377
27481,3377
27482,3377
27483,3377
27484,3377
27485,3377
27486,3377
27487,3377
27488,3377
27489,3377
27490,3377
27491,3377
27492,3377
27493,3377
27494,3377
27495,3377
27496,3377
27497,3377
27498,3377
27499,3377
27500,3377
27501,3377
27502,3377
27503,3377
27504,3377
27505,3377
27506,3377
27507,3377
27508,3377
27509,3377
27510,3377
27511,3377
27512,3377
27513,3377
27514,3377
27515,3377
27516,3377
27517,3377
27518,3377
27519,3377
27520,3377
27521,3377
27522,3377
27523,3377
27524,3377
27525,3377
27526,3377
27527,3377
27528,3377
27529,3377
27530,3377
27531,3377
27532,3377
27533,3377
27534,3377
27535,3377
27536,3377
27537,3377
27538,3377
27539,3377
27540,3377
27541,3377
27542,3377
27543,3377
27544,3377
27545,3377
27546,3377
27547,3377
27548,3377
27549,3377
27550,3377
27551,3377
27552,3377
27553,3377
27554,3377
27555,3377
27556,3377
27557,3377
27558,3377
27559,3377
27560,3377
27561,3377
27562,3377
27563,3377
27564,3377
27565,3377
27566,3377
27567,3377
27568,3377
27569,3377
27570,3377
27571,3377
27572,3377
27573,3377
27574,3377
27575,3377
27576,3377
27577,3377
27578,3377
27579,3377
27580,3377
27581,3377
27582,3377
27583,3377
27584,3377
27585,3377
27586,3377
27587,3377
27588,3377
27589,3377
27590,3377
27591,3377
27592,3377
27593,3377
27594,3377
27595,3377
27596,3377
27597,3377
27598,3377
27599,3377
27600,3377
27601,3377
27602,3377
27603,3377
27604,3377
27605,3377
27606,3377
27607,3377
27608,3377
27609,3377
27610,3377
27611,3377
27612,3377
27613,3377
27614,3379
27615,3379
27616,3379
27617,3379
27618,3379
27619,3379
27620,3379
27621,3379
27622,3379
27623,3379
27624,3379
27625,3379
27626,3379
27627,3379
27628,3379
27629,3379
27630,3379
27631,3379
27632,3379
27633,3379
27634,3379
27635,3379
27636,3379
27637,3379
27638,3379
27639,3379
27640,3379
27641,3379
27642,3379
27643,3379
27644,3379
27645,3379
27646,3379
27647,3379
27648,3379
27649,3379
27650,3379
27651,3379
27652,3379
27653,3379
27654,3379
27655,3379
27656,3379
27657,3379
27658,3379
27659,3379
27660,3379
27661,3379
27662,3379
27663,3379
27664,3379
27665,3379
27666,3379
27667,3379
27668,3379
27669,3379
27670,3379
27671,3379
27672,3379
27673,3379
27674,3379
27675,3379
27676,3379
27677,3379
27678,3379
27679,3379
27680,3379
27681,3379
27682,3379
27683,3379
27684,3379
27685,3379
27686,3379
27687,3379
27688,3379
27689,3379
27690,3379
27691,3379
27692,3379
27693,3379
27694,3379
27695,3379
27696,3379
27697,3379
27698,3379
27699,3379
27700,3379
27701,3379
27702,3379
27703,3379
27704,3379
27705,3379
27706,3379
27707,3379
27708,3379
27709,3379
27710,3379
27711,3379
27712,3379
27713,3379
27714,3379
27715,3379
27716,3379
27717,3379
27718,3379
27719,3379
27720,3379
27721,3379
27722,3379
27723,3379
27724,3379
27725,3379
27726,3379
27727,3379
27728,3379
27729,3379
27730,3379
27731,3379
27732,3379
27733,3379
27734,3379
27735,3379
27736,3379
27737,3379
27738,3379
27739,3379
27740,3379
27741,3379
27742,3379
27743,3379
27744,3379
27745,3379
27746,3379
27747,3379
27748,3379
27749,3379
27750,3379
27751,3379
27752,3379
27753,3379
27754,3379
27755,3379
27756,3379
27757,3379
27758,3379
27759,3379
27760,3379
27761,3379
27762,3379
27763,3379
27764,3379
27765,3379
27766,3379
27767,3379
27768,3379
27769,3379
27770,3379
27771,3379
27772,3383
27773,3383
27774,3383
27775,3383
27776,3383
27777,3383
27778,3383
27779,3383
27780,3383
27781,3383
27782,3383
27783,3383
27784,3383
27785,3383
27786,3383
27787,3383
27788,3383
27789,3383
27790,3383
27791,3383
27792,3383
27793,3383
27794,3383
27795,3383
27796,3383
27797,3383
27798,3383
27799,3383
27800,3383
27801,3383
27802,3383
27803,3383
27804,3383
27805,3383
27806,3383
27807,3383
27808,3383
27809,3383
27810,3383
27811,3383
27812,3383
27813,3383
27814,3383
27815,3383
27816,3383
27817,3383
27818,3383
27819,3383
27820,3383
27821,3383
27822,3383
27823,3383
27824,3383
27825,3383
27826,3383
27827,3383
27828,3383
27829,3383
27830,3383
27831,3383
27832,3383
27833,3383
27834,3383
27835,3383
27836,3383
27837,3383
27838,3383
27839,3383
27840,3383
27841,3383
27842,3383
27843,3383
27844,3383
27845,3383
27846,3383
27847,3383
27848,3383
27849,3383
27850,3383
27851,3383
27852,3383
27853,3383
27854,3383
27855,3383
27856,3383
27857,3383
27858,3383
27859,3383
27860,3383
27861,3383
27862,3383
27863,3383
27864,3383
27865,3383
27866,3383
27867,3383
27868,3383
27869,3383
27870,3383
27871,3383
27872,3383
27873,3383
27874,3383
27875,3383
27876,3383
27877,3383
27878,3383
27879,3383
27880,3383
27881,3383
27882,3383
27883,3383
27884,3383
27885,3383
27886,3383
27887,3383
27888,3383
27889,3383
27890,3383
27891,3383
27892,3383
27893,3383
27894,3383
27895,3383
27896,3383
27897,3383
27898,3383
27899,3383
27900,3383
27901,3383
27902,3383
27903,3383
27904,3383
27905,3383
27906,3383
27907,3383
27908,3383
27909,3383
27910,3383
27911,3383
27912,3383
27913,3383
27914,3383
27915,3383
27916,3383
27917,3383
27918,3383
27919,3383
27920,3383
27921,3383
27922,3383
27923,3383
27924,3383
27925,3383
27926,3383
27927,3383
27928,3383
27929,3383
27930,3383
27931,3383
27932,3383
27933,3383
27934,3383
27935,3383
27936,3383
27937,3383
27938,3383
27939,3383
27940,3383
27941,3383
27942,3383
27943,3383
27944,3383
27945,3383
27946,3383
27947,3383
27948,3383
27949,3383
27950,3383
27951,3383
27952,3383
27953,3383
27954,3383
27955,3383
27956,3383
27957,3383
27958,3383
27959,3383
27960,3383
27961,3383
27962,3383
27963,3383
27964,3383
27965,3385
27966,3385
27967,3385
27968,3385
27969,3385
27970,3385
27971,3385
27972,3385
27973,3385
27974,3385
27975,3387
27976,3387
27977,3387
27978,3387
27979,3387
27980,3387
27981,3387
27982,3387
27983,3387
27984,3387
27985,3387
27986,3387
27987,3387
27988,3387
27989,3387
27990,3387
27991,3387
27992,3387
27993,3387
27994,3387
27995,3387
27996,3387
27997,3387
27998,3387
27999,3387
28000,3387
28001,3387
28002,3387
28003,3387
28004,3387
28005,3387
28006,3387
28007,3387
28008,3387
28009,3387
28010,3387
28011,3387
28012,3387
28013,3387
28014,3387
28015,3387
28016,3387
28017,3387
28018,3387
28019,3387
28020,3387
28021,3387
28022,3387
28023,3387
28024,3387
28025,3387
28026,3387
28027,3387
28028,3387
28029,3387
28030,3387
28031,3387
28032,3387
28033,3387
28034,3387
28035,3387
28036,3387
28037,3387
28038,3387
28039,3387
28040,3387
28041,3387
28042,3387
28043,3387
28044,3387
28045,3387
28046,3387
28047,3387
28048,3387
28049,3387
28050,3387
28051,3387
28052,3387
28053,3387
28054,3387
28055,3387
28056,3387
28057,3387
28058,3387
28059,3387
28060,3387
28061,3387
28062,3387
28063,3387
28064,3387
28065,3387
28066,3387
28067,3387
28068,3387
28069,3387
28070,3387
28071,3387
28072,3387
28073,3387
28074,3387
28075,3387
28076,3387
28077,3387
28078,3387
28079,3387
28080,3387
28081,3387
28082,3387
28083,3387
28084,3387
28085,3387
28086,3387
28087,3387
28088,3387
28089,3387
28090,3387
28091,3387
28092,3387
28093,3387
28094,3387
28095,3387
28096,3387
28097,3387
28098,3387
28099,3387
28100,3387
28101,3387
28102,3387
28103,3387
28104,3387
28105,3387
28106,3387
28107,3387
28108,3387
28109,3387
28110,3387
28111,3387
28112,3387
28113,3387
28114,3387
28115,3387
28116,3387
28117,3387
28118,3387
28119,3387
28120,3387
28121,3387
28122,3387
28123,3387
28124,3387
28125,3387
28126,3387
28127,3387
28128,3387
28129,3387
28130,3393
28131,3393
28132,3393
28133,3393
28134,3393
28135,3393
28136,3393
28137,3393
28138,3393
28139,3393
28140,3393
28141,3393
28142,3393
28143,3393
28144,3401
28145,3401
28146,3401
28147,3401
28148,3401
28149,3433
28150,3433
28151,3433
28152,3433
28153,3433
28154,3435
28155,3435
28156,3435
28157,3435
28158,3435
28159,3435
28160,3435
28161,3435
28162,3447
28163,3447
28164,3447
28165,3447
28166,3447
28167,3447
28168,3447
28169,3447
28170,3447
28171,3447
28172,3447
28173,3447
28174,3447
28175,3447
28176,3447
28177,3447
28178,3447
28179,3447
28180,3447
28181,3447
28182,3447
28183,3447
28184,3447
28185,3447
28186,3447
28187,3447
28188,3447
28189,3447
28190,3447
28191,3447
28192,3447
28193,3447
28194,3447
28195,3447
28196,3447
28197,3447
28198,3462
28199,3462
28200,3462
28201,3462
28202,3462
28203,3462
28204,3462
28205,3462
28206,3462
28207,3462
28208,3462
28209,3462
28210,3462
28211,3462
28212,3462
28213,3462
28214,3462
28215,3462
28216,3462
28217,3462
28218,3462
28219,3462
28220,3462
28221,3462
28222,3462
28223,3462
28224,3462
28225,3462
28226,3462
28227,3462
28228,3462
28229,3462
28230,3462
28231,3462
28232,3462
28233,3462
28234,3462
28235,3462
28236,3462
28237,3462
28238,3462
28239,3462
28240,3462
28241,3462
28242,3462
28243,3462
28244,3462
28245,3462
28246,3462
28247,3462
28248,3462
28249,3464
28250,3464
28251,3464
28252,3464
28253,3464
28254,3464
28255,3464
28256,3464
28257,3464
28258,3464
28259,3464
28260,3464
28261,3464
28262,3464
28263,3464
28264,3464
28265,3464
28266,3464
28267,3464
28268,3464
28269,3464
28270,3464
28271,3464
28272,3464
28273,3464
28274,3464
28275,3464
28276,3464
28277,3464
28278,3464
28279,3464
28280,3464
28281,3464
28282,3464
28283,3464
28284,3464
28285,3464
28286,3464
28287,3464
28288,3464
28289,3464
28290,3464
28291,3464
28292,3464
28293,3464
28294,3464
28295,3464
28296,3464
28297,3464
28298,3464
28299,3464
28300,3464
28301,3464
28302,3464
28303,3464
28304,3464
28305,3464
28306,3464
28307,3464
28308,3464
28309,3464
28310,3464
28311,3464
28312,3464
28313,3464
28314,3464
28315,3464
28316,3464
28317,3464
28318,3464
28319,3464
28320,3464
28321,3464
28322,3464
28323,3464
28324,3464
28325,3464
28326,3464
28327,3464
28328,3464
28329,3464
28330,3464
28331,3464
28332,3464
28333,3464
28334,3464
28335,3464
28336,3464
28337,3464
28338,3464
28339,3464
28340,3464
28341,3468
28342,3468
28343,3468
28344,3468
28345,3468
28346,3468
28347,3468
28348,3468
28349,3468
28350,3468
28351,3468
28352,3468
28353,3468
28354,3468
28355,3468
28356,3468
28357,3468
28358,3468
28359,3468
28360,3468
28361,3468
28362,3468
28363,3468
28364,3468
28365,3468
28366,3468
28367,3468
28368,3468
28369,3468
28370,3468
28371,3468
28372,3468
28373,3468
28374,3468
28375,3468
28376,3468
28377,3468
28378,3468
28379,3468
28380,3468
28381,3468
28382,3468
28383,3468
28384,3468
28385,3468
28386,3468
28387,3468
28388,3468
28389,3468
28390,3468
28391,3468
28392,3468
28393,3468
28394,3468
28395,3468
28396,3468
28397,3468
28398,3468
28399,3468
28400,3472
28401,3472
28402,3472
28403,3472
28404,3472
28405,3472
28406,3472
28407,3472
28408,3472
28409,3472
28410,3472
28411,3510
28412,3510
28413,3510
28414,3510
28415,3510
28416,3510
28417,3510
28418,3510
28419,3510
28420,3510
28421,3510
28422,3510
28423,3510
28424,3510
28425,3510
28426,3510
28427,3510
28428,3510
28429,3510
28430,3510
28431,3510
28432,3510
28433,3510
28434,3510
28435,3510
28436,3510
28437,3510
28438,3510
28439,3510
28440,3510
28441,3510
28442,3510
28443,3510
28444,3510
28445,3510
28446,3510
28447,3510
28448,3510
28449,3510
28450,3510
28451,3510
28452,3510
28453,3510
28454,3510
28455,3510
28456,3510
28457,3510
28458,3510
28459,3512
28460,3512
28461,3512
28462,3512
28463,3512
28464,3512
28465,3512
28466,3512
28467,3512
28468,3512
28469,3512
28470,3512
28471,3512
28472,3512
28473,3512
28474,3512
28475,3512
28476,3512
28477,3512
28478,3512
28479,3512
28480,3512
28481,3512
28482,3512
28483,3512
28484,3512
28485,3512
28486,3512
28487,3512
28488,3512
28489,3512
28490,3512
28491,3512
28492,3512
28493,3512
28494,3512
28495,3512
28496,3512
28497,3512
28498,3514
28499,3514
28500,3514
28501,3514
28502,3514
28503,3514
28504,3514
28505,3514
28506,3514
28507,3514
28508,3514
28509,3514
28510,3514
28511,3514
28512,3514
28513,3514
28514,3516
28515,3516
28516,3516
28517,3516
28518,3516
28519,3516
28520,3516
28521,3516
28522,3516
28523,3516
28524,3516
28525,3516
28526,3516
28527,3516
28528,3516
28529,3516
28530,3516
28531,3516
28532,3516
28533,3516
28534,3516
28535,3516
28536,3516
28537,3516
28538,3516
28539,3516
28540,3516
28541,3516
28542,3516
28543,3516
28544,3516
28545,3516
28546,3516
28547,3516
28548,3516
28549,3516
28550,3516
28551,3516
28552,3516
28553,3516
28554,3516
28555,3516
28556,3516
28557,3516
28558,3516
28559,3516
28560,3516
28561,3516
28562,3516
28563,3516
28564,3516
28565,3516
28566,3516
28567,3516
28568,3516
28569,3516
28570,3516
28571,3516
28572,3516
28573,3516
28574,3516
28575,3516
28576,3516
28577,3516
28578,3516
28579,3516
28580,3516
28581,3516
28582,3516
28583,3516
28584,3516
28585,3516
28586,3516
28587,3516
28588,3516
28589,3516
28590,3516
28591,3516
28592,3516
28593,3516
28594,3516
28595,3516
28596,3516
28597,3516
28598,3516
28599,3516
28600,3516
28601,3516
28602,3516
28603,3516
28604,3516
28605,3516
28606,3516
28607,3516
28608,3516
28609,3516
28610,3516
28611,3516
28612,3516
28613,3516
28614,3516
28615,3516
28616,3516
28617,3516
28618,3516
28619,3516
28620,3516
28621,3516
28622,3516
28623,3516
28624,3516
28625,3516
28626,3516
28627,3516
28628,3516
28629,3516
28630,3516
28631,3516
28632,3516
28633,3516
28634,3516
28635,3516
28636,3516
28637,3516
28638,3516
28639,3516
28640,3516
28641,3516
28642,3516
28643,3516
28644,3516
28645,3516
28646,3516
28647,3516
28648,3516
28649,3516
28650,3516
28651,3516
28652,3516
28653,3516
28654,3516
28655,3516
28656,3516
28657,3516
28658,3516
28659,3516
28660,3516
28661,3516
28662,3516
28663,3516
28664,3516
28665,3516
28666,3516
28667,3516
28668,3516
28669,3516
28670,3516
28671,3516
28672,3516
28673,3516
28674,3516
28675,3516
28676,3516
28677,3516
28678,3516
28679,3516
28680,3516
28681,3516
28682,3516
28683,3516
28684,3516
28685,3516
28686,3516
28687,3516
28688,3516
28689,3516
28690,3516
28691,3516
28692,3516
28693,3516
28694,3516
28695,3516
28696,3516
28697,3516
28698,3516
28699,3516
28700,3516
28701,3516
28702,3516
28703,3516
28704,3516
28705,3516
28706,3516
28707,3516
28708,3516
28709,3516
28710,3516
28711,3516
28712,3516
28713,3516
28714,3516
28715,3516
28716,3516
28717,3516
28718,3516
28719,3516
28720,3516
28721,3516
28722,3516
28723,3516
28724,3516
28725,3516
28726,3516
28727,3516
28728,3516
28729,3516
28730,3516
28731,3516
28732,3516
28733,3516
28734,3516
28735,3516
28736,3516
28737,3516
28738,3516
28739,3516
28740,3516
28741,3516
28742,3516
28743,3516
28744,3516
28745,3516
28746,3516
28747,3516
28748,3516
28749,3516
28750,3516
28751,3516
28752,3516
28753,3516
28754,3516
28755,3516
28756,3516
28757,3516
28758,3516
28759,3516
28760,3516
28761,3516
28762,3516
28763,3516
28764,3516
28765,3516
28766,3516
28767,3516
28768,3516
28769,3516
28770,3516
28771,3516
28772,3516
28773,3516
28774,3516
28775,3516
28776,3516
28777,3516
28778,3516
28779,3516
28780,3516
28781,3516
28782,3516
28783,3516
28784,3516
28785,3516
28786,3516
28787,3516
28788,3516
28789,3516
28790,3516
28791,3516
28792,3516
28793,3516
28794,3516
28795,3516
28796,3516
28797,3516
28798,3516
28799,3516
28800,3516
28801,3516
28802,3516
28803,3516
28804,3516
28805,3516
28806,3516
28807,3516
28808,3516
28809,3516
28810,3516
28811,3516
28812,3516
28813,3516
28814,3516
28815,3516
28816,3516
28817,3516
28818,3516
28819,3516
28820,3516
28821,3516
28822,3516
28823,3516
28824,3516
28825,3516
28826,3516
28827,3516
28828,3516
28829,3516
28830,3516
28831,3516
28832,3516
28833,3516
28834,3516
28835,3516
28836,3516
28837,3516
28838,3516
28839,3516
28840,3516
28841,3516
28842,3516
28843,3516
28844,3516
28845,3516
28846,3516
28847,3516
28848,3524
28849,3524
28850,3524
28851,3524
28852,3524
28853,3524
28854,3524
28855,3524
28856,3524
28857,3524
28858,3524
28859,3524
28860,3524
28861,3524
28862,3524
28863,3524
28864,3524
28865,3524
28866,3524
28867,3524
28868,3524
28869,3524
28870,3524
28871,3524
28872,3524
28873,3524
28874,3524
28875,3524
28876,3524
28877,3524
28878,3524
28879,3524
28880,3524
28881,3524
28882,3524
28883,3524
28884,3524
28885,3524
28886,3524
28887,3524
28888,3524
28889,3524
28890,3526
28891,3526
28892,3526
28893,3526
28894,3526
28895,3526
28896,3526
28897,3526
28898,3526
28899,3526
28900,3526
28901,3526
28902,3526
28903,3526
28904,3526
28905,3526
28906,3526
28907,3526
28908,3526
28909,3526
28910,3526
28911,3526
28912,3526
28913,3526
28914,3526
28915,3526
28916,3526
28917,3526
28918,3526
28919,3526
28920,3526
28921,3526
28922,3526
28923,3526
28924,3526
28925,3526
28926,3526
28927,3526
28928,3526
28929,3526
28930,3526
28931,3526
28932,3526
28933,3526
28934,3526
28935,3526
28936,3526
28937,3526
28938,3526
28939,3526
28940,3526
28941,3526
28942,3526
28943,3526
28944,3526
28945,3526
28946,3526
28947,3526
28948,3526
28949,3526
28950,3526
28951,3526
28952,3526
28953,3526
28954,3526
28955,3526
28956,3526
28957,3526
28958,3526
28959,3526
28960,3526
28961,3526
28962,3526
28963,3526
28964,3526
28965,3526
28966,3526
28967,3526
28968,3526
28969,3526
28970,3526
28971,3526
28972,3526
28973,3528
28974,3528
28975,3528
28976,3528
28977,3528
28978,3528
28979,3528
28980,3528
28981,3528
28982,3528
28983,3528
28984,3528
28985,3528
28986,3528
28987,3528
28988,3528
28989,3528
28990,3531
28991,3531
28992,3531
28993,3531
28994,3531
28995,3531
28996,3531
28997,3531
28998,3531
28999,3531
29000,3531
29001,3531
29002,3531
29003,3531
29004,3531
29005,3531
29006,3531
29007,3531
29008,3531
29009,3531
29010,3531
29011,3531
29012,3531
29013,3531
29014,3531
29015,3531
29016,3531
29017,3531
29018,3531
29019,3531
29020,3531
29021,3531
29022,3531
29023,3531
29024,3531
29025,3531
29026,3531
29027,3531
29028,3531
29029,3531
29030,3531
29031,3531
29032,3531
29033,3531
29034,3531
29035,3531
29036,3531
29037,3531
29038,3531
29039,3531
29040,3531
29041,3531
29042,3531
29043,3531
29044,3531
29045,3531
29046,3531
29047,3531
29048,3531
29049,3531
29050,3531
29051,3531
29052,3531
29053,3531
29054,3531
29055,3531
29056,3531
29057,3531
29058,3531
29059,3531
29060,3531
29061,3531
29062,3531
29063,3531
29064,3542
29065,3542
29066,3542
29067,3542
29068,3542
29069,3542
29070,3542
29071,3542
29072,3542
29073,3542
29074,3542
29075,3542
29076,3542
29077,3542
29078,3542
29079,3542
29080,3542
29081,3542
29082,3542
29083,3542
29084,3542
29085,3542
29086,3542
29087,3542
29088,3542
29089,3542
29090,3542
29091,3542
29092,3542
29093,3542
29094,3542
29095,3542
29096,3542
29097,3542
29098,3542
29099,3542
29100,3542
29101,3542
29102,3542
29103,3542
29104,3542
29105,3542
29106,3542
29107,3542
29108,3542
29109,3542
29110,3542
29111,3542
29112,3542
29113,3542
29114,3542
29115,3542
29116,3542
29117,3542
29118,3542
29119,3542
29120,3542
29121,3542
29122,3542
29123,3542
29124,3544
29125,3544
29126,3547
29127,3547
29128,3547
29129,3547
29130,3547
29131,3547
29132,3547
29133,3547
29134,3547
29135,3547
29136,3547
29137,3547
29138,3547
29139,3547
29140,3547
29141,3547
29142,3547
29143,3547
29144,3547
29145,3547
29146,3547
29147,3547
29148,3547
29149,3547
29150,3547
29151,3547
29152,3547
29153,3547
29154,3547
29155,3547
29156,3547
29157,3547
29158,3547
29159,3547
29160,3547
29161,3547
29162,3547
29163,3547
29164,3547
29165,3547
29166,3547
29167,3547
29168,3547
29169,3547
29170,3547
29171,3547
29172,3547
29173,3547
29174,3547
29175,3547
29176,3547
29177,3547
29178,3547
29179,3547
29180,3547
29181,3547
29182,3547
29183,3547
29184,3547
29185,3547
29186,3547
29187,3547
29188,3547
29189,3547
29190,3547
29191,3547
29192,3547
29193,3547
29194,3547
29195,3547
29196,3547
29197,3547
29198,3547
29199,3547
29200,3547
29201,3547
29202,3547
29203,3547
29204,3547
29205,3547
29206,3547
29207,3547
29208,3547
29209,3547
29210,3547
29211,3547
29212,3547
29213,3547
29214,3547
29215,3547
29216,3547
29217,3547
29218,3547
29219,3547
29220,3547
29221,3547
29222,3547
29223,3547
29224,3547
29225,3547
29226,3547
29227,3547
29228,3547
29229,3547
29230,3547
29231,3547
29232,3547
29233,3547
29234,3547
29235,3547
29236,3547
29237,3547
29238,3547
29239,3547
29240,3547
29241,3547
29242,3547
29243,3547
29244,3547
29245,3547
29246,3547
29247,3547
29248,3547
29249,3547
29250,3547
29251,3547
29252,3547
29253,3547
29254,3547
29255,3547
29256,3547
29257,3547
29258,3547
29259,3547
29260,3547
29261,3547
29262,3547
29263,3547
29264,3547
29265,3547
29266,3547
29267,3547
29268,3547
29269,3547
29270,3547
29271,3547
29272,3547
29273,3547
29274,3547
29275,3547
29276,3547
29277,3547
29278,3547
29279,3547
29280,3547
29281,3547
29282,3547
29283,3547
29284,3547
29285,3547
29286,3547
29287,3547
29288,3547
29289,3547
29290,3547
29291,3547
29292,3547
29293,3547
29294,3547
29295,3547
29296,3547
29297,3547
29298,3547
29299,3547
29300,3547
29301,3547
29302,3547
29303,3547
29304,3547
29305,3547
29306,3547
29307,3547
29308,3547
29309,3547
29310,3547
29311,3547
29312,3547
29313,3547
29314,3547
29315,3547
29316,3547
29317,3547
29318,3547
29319,3547
29320,3547
29321,3547
29322,3547
29323,3547
29324,3547
29325,3547
29326,3547
29327,3547
29328,3547
29329,3547
29330,3547
29331,3547
29332,3547
29333,3547
29334,3547
29335,3547
29336,3547
29337,3547
29338,3547
29339,3547
29340,3547
29341,3547
29342,3547
29343,3547
29344,3547
29345,3547
29346,3547
29347,3547
29348,3547
29349,3547
29350,3547
29351,3547
29352,3547
29353,3547
29354,3547
29355,3547
29356,3547
29357,3547
29358,3547
29359,3547
29360,3547
29361,3552
29362,3552
29363,3552
29364,3552
29365,3557
29366,3557
29367,3557
29368,3557
29369,3557
29370,3557
29371,3557
29372,3557
29373,3557
29374,3557
29375,3557
29376,3557
29377,3557
29378,3564
29379,3564
29380,3564
29381,3564
29382,3564
29383,3573
29384,3573
29385,3573
29386,3573
29387,3573
29388,3573
29389,3573
29390,3573
29391,3573
29392,3573
29393,3573
29394,3573
29395,3573
29396,3573
29397,3573
29398,3573
29399,3573
29400,3573
29401,3573
29402,3573
29403,3573
29404,3573
29405,3573
29406,3573
29407,3573
29408,3573
29409,3573
29410,3573
29411,3573
29412,3573
29413,3573
29414,3573
29415,3573
29416,3573
29417,3573
29418,3573
29419,3573
29420,3573
29421,3573
29422,3573
29423,3573
29424,3573
29425,3573
29426,3573
29427,3573
29428,3573
29429,3573
29430,3573
29431,3573
29432,3573
29433,3573
29434,3573
29435,3573
29436,3573
29437,3573
29438,3573
29439,3573
29440,3573
29441,3573
29442,3573
29443,3573
29444,3573
29445,3573
29446,3573
29447,3573
29448,3573
29449,3573
29450,3573
29451,3573
29452,3573
29453,3573
29454,3573
29455,3573
29456,3573
29457,3573
29458,3573
29459,3573
29460,3573
29461,3573
29462,3573
29463,3573
29464,3573
29465,3573
29466,3573
29467,3573
29468,3573
29469,3573
29470,3573
29471,3573
29472,3573
29473,3573
29474,3573
29475,3573
29476,3573
29477,3573
29478,3573
29479,3573
29480,3573
29481,3573
29482,3573
29483,3573
29484,3573
29485,3573
29486,3573
29487,3573
29488,3573
29489,3573
29490,3573
29491,3573
29492,3573
29493,3573
29494,3573
29495,3573
29496,3573
29497,3573
29498,3573
29499,3573
29500,3573
29501,3573
29502,3573
29503,3573
29504,3573
29505,3573
29506,3573
29507,3573
29508,3573
29509,3573
29510,3573
29511,3573
29512,3573
29513,3573
29514,3573
29515,3573
29516,3573
29517,3573
29518,3573
29519,3573
29520,3573
29521,3573
29522,3573
29523,3573
29524,3573
29525,3573
29526,3573
29527,3573
29528,3573
29529,3573
29530,3573
29531,3573
29532,3573
29533,3577
29534,3577
29535,3577
29536,3577
29537,3577
29538,3577
29539,3577
29540,3577
29541,3577
29542,3577
29543,3577
29544,3577
29545,3577
29546,3577
29547,3577
29548,3577
29549,3577
29550,3577
29551,3577
29552,3577
29553,3577
29554,3577
29555,3577
29556,3577
29557,3577
29558,3577
29559,3577
29560,3577
29561,3577
29562,3577
29563,3577
29564,3577
29565,3577
29566,3577
29567,3577
29568,3577
29569,3577
29570,3577
29571,3577
29572,3577
29573,3577
29574,3577
29575,3577
29576,3577
29577,3577
29578,3577
29579,3577
29580,3577
29581,3577
29582,3577
29583,3577
29584,3577
29585,3577
29586,3577
29587,3577
29588,3577
29589,3577
29590,3577
29591,3577
29592,3577
29593,3577
29594,3577
29595,3577
29596,3577
29597,3577
29598,3577
29599,3577
29600,3577
29601,3577
29602,3577
29603,3577
29604,3577
29605,3577
29606,3577
29607,3577
29608,3577
29609,3577
29610,3577
29611,3577
29612,3577
29613,3577
29614,3577
29615,3577
29616,3577
29617,3577
29618,3577
29619,3577
29620,3577
29621,3577
29622,3578
29623,3578
29624,3578
29625,3578
29626,3578
29627,3578
29628,3578
29629,3578
29630,3578
29631,3578
29632,3578
29633,3578
29634,3578
29635,3578
29636,3578
29637,3578
29638,3578
29639,3578
29640,3578
29641,3578
29642,3578
29643,3578
29644,3578
29645,3578
29646,3578
29647,3578
29648,3578
29649,3578
29650,3578
29651,3578
29652,3578
29653,3578
29654,3578
29655,3578
29656,3578
29657,3578
29658,3578
29659,3578
29660,3578
29661,3578
29662,3578
29663,3578
29664,3578
29665,3578
29666,3578
29667,3578
29668,3578
29669,3578
29670,3578
29671,3578
29672,3578
29673,3578
29674,3578
29675,3578
29676,3578
29677,3578
29678,3578
29679,3578
29680,3578
29681,3578
29682,3578
29683,3578
29684,3578
29685,3578
29686,3578
29687,3578
29688,3578
29689,3578
29690,3578
29691,3578
29692,3578
29693,3578
29694,3578
29695,3578
29696,3578
29697,3578
29698,3578
29699,3578
29700,3578
29701,3578
29702,3578
29703,3578
29704,3578
29705,3578
29706,3578
29707,3578
29708,3578
29709,3578
29710,3578
29711,3578
29712,3578
29713,3578
29714,3578
29715,3578
29716,3578
29717,3578
29718,3578
29719,3578
29720,3578
29721,3578
29722,3578
29723,3578
29724,3578
29725,3578
29726,3578
29727,3578
29728,3578
29729,3578
29730,3578
29731,3578
29732,3578
29733,3578
29734,3578
29735,3578
29736,3578
29737,3578
29738,3578
29739,3578
29740,3578
29741,3578
29742,3578
29743,3578
29744,3578
29745,3578
29746,3578
29747,3578
29748,3578
29749,3578
29750,3578
29751,3579
29752,3579
29753,3579
29754,3579
29755,3579
29756,3579
29757,3579
29758,3579
29759,3579
29760,3579
29761,3579
29762,3579
29763,3584
29764,3584
29765,3584
29766,3584
29767,3584
29768,3584
29769,3584
29770,3584
29771,3584
29772,3584
29773,3584
29774,3584
29775,3584
29776,3584
29777,3584
29778,3584
29779,3584
29780,3584
29781,3584
29782,3584
29783,3584
29784,3584
29785,3584
29786,3584
29787,3584
29788,3584
29789,3584
29790,3584
29791,3584
29792,3584
29793,3584
29794,3584
29795,3584
29796,3584
29797,3584
29798,3584
29799,3584
29800,3584
29801,3584
29802,3584
29803,3584
29804,3584
29805,3584
29806,3584
29807,3584
29808,3584
29809,3584
29810,3584
29811,3584
29812,3584
29813,3584
29814,3584
29815,3584
29816,3584
29817,3584
29818,3584
29819,3584
29820,3584
29821,3584
29822,3584
29823,3584
29824,3584
29825,3586
29826,3586
29827,3586
29828,3586
29829,3586
29830,3586
29831,3590
29832,3590
29833,3590
29834,3590
29835,3590
29836,3590
29837,3590
29838,3590
29839,3590
29840,3590
29841,3590
29842,3590
29843,3590
29844,3590
29845,3590
29846,3590
29847,3590
29848,3590
29849,3590
29850,3590
29851,3590
29852,3590
29853,3590
29854,3590
29855,3590
29856,3590
29857,3590
29858,3590
29859,3590
29860,3590
29861,3590
29862,3590
29863,3590
29864,3590
29865,3590
29866,3590
29867,3590
29868,3590
29869,3590
29870,3590
29871,3590
29872,3590
29873,3590
29874,3590
29875,3590
29876,3590
29877,3590
29878,3590
29879,3590
29880,3590
29881,3590
29882,3590
29883,3590
29884,3590
29885,3590
29886,3590
29887,3590
29888,3590
29889,3590
29890,3590
29891,3590
29892,3590
29893,3590
29894,3590
29895,3590
29896,3590
29897,3590
29898,3590
29899,3590
29900,3590
29901,3590
29902,3590
29903,3590
29904,3591
29905,3591
29906,3591
29907,3591
29908,3591
29909,3591
29910,3591
29911,3591
29912,3591
29913,3591
29914,3591
29915,3591
29916,3591
29917,3591
29918,3591
29919,3591
29920,3591
29921,3591
29922,3591
29923,3591
29924,3591
29925,3591
29926,3591
29927,3591
29928,3591
29929,3591
29930,3591
29931,3591
29932,3591
29933,3591
29934,3591
29935,3591
29936,3591
29937,3591
29938,3591
29939,3591
29940,3591
29941,3591
29942,3591
29943,3591
29944,3591
29945,3591
29946,3591
29947,3591
29948,3591
29949,3591
29950,3591
29951,3591
29952,3591
29953,3591
29954,3591
29955,3591
29956,3591
29957,3591
29958,3591
29959,3591
29960,3591
29961,3591
29962,3591
29963,3591
29964,3591
29965,3591
29966,3591
29967,3591
29968,3591
29969,3591
29970,3591
29971,3591
29972,3591
29973,3591
29974,3591
29975,3591
29976,3591
29977,3591
29978,3591
29979,3591
29980,3591
29981,3591
29982,3591
29983,3591
29984,3591
29985,3591
29986,3591
29987,3591
29988,3591
29989,3591
29990,3591
29991,3591
29992,3591
29993,3591
29994,3591
29995,3591
29996,3591
29997,3591
29998,3591
29999,3591
30000,3591
30001,3591
30002,3591
30003,3591
30004,3591
30005,3591
30006,3591
30007,3591
30008,3591
30009,3591
30010,3591
30011,3591
30012,3591
30013,3591
30014,3591
30015,3591
30016,3591
30017,3591
30018,3591
30019,3591
30020,3591
30021,3591
30022,3591
30023,3591
30024,3591
30025,3591
30026,3591
30027,3591
30028,3591
30029,3591
30030,3591
30031,3591
30032,3597
30033,3597
30034,3597
30035,3597
30036,3597
30037,3597
30038,3597
30039,3597
30040,3597
30041,3597
30042,3597
30043,3597
30044,3597
30045,3597
30046,3597
30047,3597
30048,3597
30049,3597
30050,3597
30051,3597
30052,3597
30053,3597
30054,3597
30055,3597
30056,3597
30057,3597
30058,3597
30059,3597
30060,3597
30061,3597
30062,3597
30063,3597
30064,3597
30065,3597
30066,3597
30067,3597
30068,3597
30069,3597
30070,3597
30071,3597
30072,3597
30073,3597
30074,3597
30075,3597
30076,3597
30077,3597
30078,3597
30079,3597
30080,3597
30081,3597
30082,3597
30083,3597
30084,3597
30085,3597
30086,3597
30087,3597
30088,3597
30089,3597
30090,3597
30091,3597
30092,3597
30093,3597
30094,3597
30095,3597
30096,3597
30097,3597
30098,3597
30099,3597
30100,3597
30101,3597
30102,3597
30103,3597
30104,3597
30105,3597
30106,3597
30107,3597
30108,3597
30109,3597
30110,3597
30111,3597
30112,3597
30113,3597
30114,3597
30115,3597
30116,3597
30117,3597
30118,3597
30119,3597
30120,3597
30121,3597
30122,3597
30123,3597
30124,3597
30125,3597
30126,3597
30127,3597
30128,3597
30129,3597
30130,3597
30131,3597
30132,3597
30133,3597
30134,3597
30135,3597
30136,3606
30137,3606
30138,3606
30139,3606
30140,3606
30141,3606
30142,3606
30143,3606
30144,3606
30145,3606
30146,3606
30147,3606
30148,3606
30149,3606
30150,3606
30151,3606
30152,3606
30153,3606
30154,3606
30155,3606
30156,3606
30157,3636
30158,3636
30159,3636
30160,3636
30161,3636
30162,3636
30163,3636
30164,3636
30165,3636
30166,3636
30167,3636
30168,3636
30169,3636
30170,3636
30171,3636
30172,3636
30173,3636
30174,3636
30175,3636
30176,3636
30177,3636
30178,3636
30179,3636
30180,3636
30181,3636
30182,3636
30183,3636
30184,3636
30185,3636
30186,3636
30187,3636
30188,3636
30189,3636
30190,3636
30191,3636
30192,3636
30193,3636
30194,3636
30195,3636
30196,3636
30197,3636
30198,3636
30199,3636
30200,3636
30201,3636
30202,3636
30203,3636
30204,3636
30205,3636
30206,3636
30207,3636
30208,3636
30209,3636
30210,3636
30211,3636
30212,3636
30213,3636
30214,3636
30215,3636
30216,3636
30217,3636
30218,3636
30219,3636
30220,3636
30221,3636
30222,3636
30223,3636
30224,3636
30225,3636
30226,3636
30227,3636
30228,3636
30229,3636
30230,3636
30231,3636
30232,3636
30233,3636
30234,3636
30235,3636
30236,3636
30237,3636
30238,3636
30239,3636
30240,3636
30241,3636
30242,3636
30243,3636
30244,3636
30245,3636
30246,3636
30247,3636
30248,3636
30249,3636
30250,3636
30251,3636
30252,3636
30253,3636
30254,3636
30255,3636
30256,3636
30257,3636
30258,3636
30259,3636
30260,3636
30261,3636
30262,3636
30263,3636
30264,3636
30265,3636
30266,3636
30267,3636
30268,3636
30269,3636
30270,3636
30271,3636
30272,3636
30273,3636
30274,3636
30275,3636
30276,3636
30277,3636
30278,3636
30279,3636
30280,3637
30281,3637
30282,3637
30283,3637
30284,3637
30285,3637
30286,3637
30287,3637
30288,3637
30289,3637
30290,3637
30291,3637
30292,3637
30293,3637
30294,3637
30295,3637
30296,3637
30297,3637
30298,3637
30299,3637
30300,3637
30301,3637
30302,3637
30303,3637
30304,3637
30305,3637
30306,3637
30307,3637
30308,3637
30309,3637
30310,3637
30311,3637
30312,3637
30313,3637
30314,3637
30315,3637
30316,3637
30317,3637
30318,3637
30319,3637
30320,3637
30321,3637
30322,3637
30323,3637
30324,3637
30325,3637
30326,3637
30327,3637
30328,3637
30329,3637
30330,3637
30331,3637
30332,3637
30333,3637
30334,3637
30335,3637
30336,3637
30337,3637
30338,3637
30339,3637
30340,3637
30341,3637
30342,3637
30343,3637
30344,3637
30345,3637
30346,3637
30347,3637
30348,3637
30349,3637
30350,3637
30351,3637
30352,3637
30353,3637
30354,3637
30355,3637
30356,3637
30357,3637
30358,3637
30359,3637
30360,3637
30361,3637
30362,3637
30363,3637
30364,3637
30365,3637
30366,3637
30367,3637
30368,3637
30369,3637
30370,3637
30371,3637
30372,3637
30373,3637
30374,3637
30375,3637
30376,3637
30377,3637
30378,3637
30379,3637
30380,3637
30381,3637
30382,3637
30383,3637
30384,3637
30385,3637
30386,3637
30387,3637
30388,3637
30389,3637
30390,3637
30391,3637
30392,3637
30393,3637
30394,3637
30395,3637
30396,3637
30397,3637
30398,3637
30399,3637
30400,3637
30401,3637
30402,3637
30403,3637
30404,3637
30405,3637
30406,3637
30407,3637
30408,3637
30409,3637
30410,3637
30411,3637
30412,3637
30413,3637
30414,3637
30415,3637
30416,3637
30417,3637
30418,3637
30419,3637
30420,3637
30421,3637
30422,3637
30423,3637
30424,3637
30425,3637
30426,3637
30427,3637
30428,3637
30429,3637
30430,3637
30431,3637
30432,3637
30433,3637
30434,3637
30435,3637
30436,3637
30437,3637
30438,3637
30439,3637
30440,3637
30441,3637
30442,3637
30443,3637
30444,3637
30445,3637
30446,3637
30447,3637
30448,3637
30449,3637
30450,3637
30451,3637
30452,3637
30453,3637
30454,3637
30455,3637
30456,3637
30457,3637
30458,3637
30459,3637
30460,3637
30461,3637
30462,3637
30463,3637
30464,3637
30465,3637
30466,3637
30467,3637
30468,3637
30469,3637
30470,3637
30471,3637
30472,3637
30473,3637
30474,3637
30475,3637
30476,3637
30477,3637
30478,3637
30479,3637
30480,3637
30481,3637
30482,3637
30483,3637
30484,3637
30485,3637
30486,3637
30487,3637
30488,3637
30489,3637
30490,3637
30491,3637
30492,3637
30493,3637
30494,3637
30495,3637
30496,3637
30497,3637
30498,3637
30499,3637
30500,3637
30501,3637
30502,3637
30503,3637
30504,3637
30505,3637
30506,3637
30507,3637
30508,3637
30509,3637
30510,3637
30511,3637
30512,3637
30513,3637
30514,3637
30515,3637
30516,3637
30517,3637
30518,3637
30519,3637
30520,3637
30521,3637
30522,3637
30523,3637
30524,3637
30525,3637
30526,3637
30527,3637
30528,3637
30529,3637
30530,3637
30531,3637
30532,3637
30533,3637
30534,3637
30535,3637
30536,3637
30537,3637
30538,3637
30539,3637
30540,3637
30541,3637
30542,3637
30543,3637
30544,3637
30545,3637
30546,3637
30547,3637
30548,3637
30549,3637
30550,3637
30551,3637
30552,3637
30553,3637
30554,3637
30555,3637
30556,3637
30557,3637
30558,3637
30559,3637
30560,3637
30561,3637
30562,3637
30563,3637
30564,3637
30565,3637
30566,3637
30567,3637
30568,3637
30569,3637
30570,3637
30571,3637
30572,3637
30573,3637
30574,3637
30575,3637
30576,3637
30577,3637
30578,3637
30579,3637
30580,3637
30581,3637
30582,3637
30583,3637
30584,3637
30585,3637
30586,3637
30587,3637
30588,3637
30589,3637
30590,3637
30591,3637
30592,3637
30593,3637
30594,3637
30595,3637
30596,3637
30597,3637
30598,3637
30599,3637
30600,3637
30601,3637
30602,3637
30603,3637
30604,3637
30605,3637
30606,3637
30607,3637
30608,3637
30609,3637
30610,3637
30611,3637
30612,3637
30613,3637
30614,3637
30615,3637
30616,3637
30617,3637
30618,3637
30619,3637
30620,3637
30621,3637
30622,3637
30623,3637
30624,3637
30625,3637
30626,3637
30627,3637
30628,3637
30629,3645
30630,3645
30631,3645
30632,3645
30633,3645
30634,3645
30635,3645
30636,3645
30637,3645
30638,3645
30639,3645
30640,3645
30641,3645
30642,3645
30643,3645
30644,3645
30645,3645
30646,3645
30647,3645
30648,3645
30649,3645
30650,3645
30651,3645
30652,3645
30653,3645
30654,3645
30655,3645
30656,3645
30657,3645
30658,3645
30659,3645
30660,3645
30661,3645
30662,3645
30663,3645
30664,3645
30665,3645
30666,3645
30667,3645
30668,3645
30669,3645
30670,3645
30671,3645
30672,3645
30673,3645
30674,3645
30675,3645
30676,3645
30677,3645
30678,3645
30679,3645
30680,3645
30681,3645
30682,3645
30683,3645
30684,3645
30685,3645
30686,3645
30687,3645
30688,3645
30689,3645
30690,3645
30691,3645
30692,3645
30693,3645
30694,3645
30695,3645
30696,3645
30697,3645
30698,3645
30699,3645
30700,3645
30701,3645
30702,3645
30703,3645
30704,3645
30705,3645
30706,3645
30707,3645
30708,3645
30709,3645
30710,3645
30711,3645
30712,3645
30713,3645
30714,3645
30715,3645
30716,3645
30717,3645
30718,3645
30719,3645
30720,3645
30721,3645
30722,3645
30723,3645
30724,3645
30725,3645
30726,3645
30727,3645
30728,3645
30729,3645
30730,3645
30731,3645
30732,3645
30733,3645
30734,3645
30735,3645
30736,3645
30737,3645
30738,3645
30739,3645
30740,3645
30741,3645
30742,3645
30743,3645
30744,3645
30745,3645
30746,3645
30747,3645
30748,3645
30749,3645
30750,3645
30751,3645
30752,3645
30753,3645
30754,3645
30755,3645
30756,3645
30757,3645
30758,3645
30759,3645
30760,3645
30761,3645
30762,3645
30763,3645
30764,3645
30765,3645
30766,3645
30767,3645
30768,3645
30769,3645
30770,3645
30771,3645
30772,3645
30773,3645
30774,3645
30775,3645
30776,3645
30777,3645
30778,3645
30779,3645
30780,3645
30781,3645
30782,3645
30783,3645
30784,3645
30785,3645
30786,3645
30787,3645
30788,3645
30789,3645
30790,3645
30791,3645
30792,3645
30793,3645
30794,3645
30795,3645
30796,3645
30797,3645
30798,3645
30799,3645
30800,3645
30801,3645
30802,3645
30803,3645
30804,3645
30805,3645
30806,3645
30807,3645
30808,3645
30809,3645
30810,3645
30811,3645
30812,3645
30813,3645
30814,3645
30815,3657
30816,3657
30817,3657
30818,3657
30819,3657
30820,3657
30821,3657
30822,3657
30823,3657
30824,3657
30825,3661
30826,3661
30827,3661
30828,3661
30829,3661
30830,3661
30831,3661
30832,3661
30833,3661
30834,3661
30835,3661
30836,3661
30837,3661
30838,3663
30839,3663
30840,3663
30841,3663
30842,3663
30843,3663
30844,3663
30845,3663
30846,3663
30847,3663
30848,3663
30849,3663
30850,3663
30851,3663
30852,3663
30853,3663
30854,3663
30855,3663
30856,3663
30857,3663
30858,3663
30859,3663
30860,3663
30861,3663
30862,3663
30863,3663
30864,3663
30865,3663
30866,3663
30867,3663
30868,3663
30869,3663
30870,3663
30871,3663
30872,3663
30873,3663
30874,3663
30875,3663
30876,3663
30877,3663
30878,3663
30879,3663
30880,3663
30881,3664
30882,3664
30883,3664
30884,3664
30885,3664
30886,3664
30887,3664
30888,3664
30889,3664
30890,3664
30891,3664
30892,3664
30893,3664
30894,3664
30895,3664
30896,3664
30897,3664
30898,3664
30899,3664
30900,3664
30901,3664
30902,3664
30903,3664
30904,3664
30905,3664
30906,3664
30907,3664
30908,3664
30909,3664
30910,3664
30911,3664
30912,3664
30913,3664
30914,3664
30915,3664
30916,3664
30917,3664
30918,3664
30919,3664
30920,3664
30921,3664
30922,3664
30923,3665
30924,3665
30925,3665
30926,3665
30927,3665
30928,3665
30929,3665
30930,3665
30931,3665
30932,3665
30933,3665
30934,3665
30935,3665
30936,3665
30937,3665
30938,3665
30939,3665
30940,3665
30941,3665
30942,3665
30943,3665
30944,3665
30945,3665
30946,3665
30947,3665
30948,3665
30949,3665
30950,3665
30951,3665
30952,3665
30953,3665
30954,3665
30955,3665
30956,3665
30957,3665
30958,3665
30959,3665
30960,3665
30961,3665
30962,3665
30963,3665
30964,3665
30965,3665
30966,3665
30967,3665
30968,3672
30969,3672
30970,3672
30971,3672
30972,3672
30973,3672
30974,3672
30975,3672
30976,3672
30977,3672
30978,3672
30979,3672
30980,3672
30981,3672
30982,3672
30983,3672
30984,3672
30985,3672
30986,3672
30987,3672
30988,3672
30989,3672
30990,3672
30991,3672
30992,3672
30993,3672
30994,3672
30995,3672
30996,3672
30997,3672
30998,3672
30999,3672
31000,3672
31001,3672
31002,3672
31003,3672
31004,3672
31005,3672
31006,3672
31007,3682
31008,3682
31009,3682
31010,3682
31011,3682
31012,3682
31013,3682
31014,3682
31015,3682
31016,3682
31017,3682
31018,3682
31019,3682
31020,3682
31021,3682
31022,3682
31023,3682
31024,3682
31025,3682
31026,3682
31027,3682
31028,3682
31029,3682
31030,3689
31031,3689
31032,3689
31033,3689
31034,3689
31035,3689
31036,3689
31037,3689
31038,3689
31039,3689
31040,3689
31041,3689
31042,3689
31043,3689
31044,3689
31045,3689
31046,3689
31047,3689
31048,3689
31049,3689
31050,3689
31051,3689
31052,3689
31053,3689
31054,3689
31055,3689
31056,3689
31057,3689
31058,3689
31059,3689
31060,3689
31061,3689
31062,3689
31063,3689
31064,3689
31065,3689
31066,3689
31067,3689
31068,3689
31069,3689
31070,3689
31071,3689
31072,3689
31073,3689
31074,3689
31075,3689
31076,3689
31077,3689
31078,3689
31079,3689
31080,3689
31081,3689
31082,3689
31083,3689
31084,3689
31085,3689
31086,3689
31087,3689
31088,3689
31089,3689
31090,3689
31091,3689
31092,3689
31093,3689
31094,3689
31095,3689
31096,3689
31097,3689
31098,3689
31099,3689
31100,3689
31101,3689
31102,3689
31103,3689
31104,3689
31105,3689
31106,3689
31107,3689
31108,3689
31109,3689
31110,3689
31111,3689
31112,3689
31113,3689
31114,3689
31115,3689
31116,3689
31117,3689
31118,3689
31119,3689
31120,3689
31121,3689
31122,3689
31123,3689
31124,3689
31125,3689
31126,3689
31127,3689
31128,3689
31129,3689
31130,3689
31131,3689
31132,3689
31133,3689
31134,3689
31135,3689
31136,3689
31137,3689
31138,3689
31139,3689
31140,3689
31141,3689
31142,3689
31143,3689
31144,3689
31145,3689
31146,3689
31147,3689
31148,3689
31149,3689
31150,3689
31151,3689
31152,3689
31153,3689
31154,3689
31155,3689
31156,3689
31157,3689
31158,3689
31159,3689
31160,3689
31161,3689
31162,3689
31163,3689
31164,3689
31165,3689
31166,3689
31167,3689
31168,3689
31169,3689
31170,3689
31171,3689
31172,3689
31173,3689
31174,3689
31175,3689
31176,3689
31177,3689
31178,3689
31179,3689
31180,3689
31181,3689
31182,3689
31183,3689
31184,3689
31185,3689
31186,3689
31187,3689
31188,3689
31189,3689
31190,3689
31191,3689
31192,3689
31193,3689
31194,3689
31195,3689
31196,3689
31197,3689
31198,3689
31199,3689
31200,3689
31201,3689
31202,3689
31203,3689
31204,3689
31205,3689
31206,3689
31207,3689
31208,3689
31209,3689
31210,3689
31211,3689
31212,3689
31213,3689
31214,3689
31215,3689
31216,3689
31217,3689
31218,3689
31219,3689
31220,3689
31221,3689
31222,3689
31223,3689
31224,3689
31225,3689
31226,3689
31227,3689
31228,3689
31229,3689
31230,3689
31231,3689
31232,3689
31233,3689
31234,3689
31235,3689
31236,3689
31237,3689
31238,3689
31239,3689
31240,3689
31241,3689
31242,3689
31243,3689
31244,3689
31245,3689
31246,3689
31247,3689
31248,3689
31249,3689
31250,3689
31251,3689
31252,3689
31253,3689
31254,3689
31255,3689
31256,3689
31257,3689
31258,3689
31259,3689
31260,3689
31261,3689
31262,3691
31263,3691
31264,3691
31265,3691
31266,3691
31267,3691
31268,3691
31269,3691
31270,3691
31271,3691
31272,3691
31273,3691
31274,3691
31275,3691
31276,3691
31277,3691
31278,3691
31279,3691
31280,3691
31281,3691
31282,3691
31283,3691
31284,3691
31285,3691
31286,3691
31287,3691
31288,3691
31289,3691
31290,3691
31291,3691
31292,3691
31293,3691
31294,3691
31295,3691
31296,3691
31297,3691
31298,3691
31299,3691
31300,3691
31301,3691
31302,3691
31303,3691
31304,3691
31305,3691
31306,3691
31307,3691
31308,3691
31309,3691
31310,3691
31311,3691
31312,3691
31313,3691
31314,3691
31315,3691
31316,3691
31317,3691
31318,3691
31319,3691
31320,3691
31321,3691
31322,3691
31323,3691
31324,3691
31325,3691
31326,3691
31327,3691
31328,3691
31329,3691
31330,3691
31331,3691
31332,3691
31333,3691
31334,3691
31335,3691
31336,3691
31337,3691
31338,3691
31339,3691
31340,3691
31341,3691
31342,3691
31343,3691
31344,3691
31345,3698
31346,3698
31347,3698
31348,3698
31349,3698
31350,3698
31351,3698
31352,3698
31353,3698
31354,3698
31355,3698
31356,3698
31357,3698
31358,3698
31359,3698
31360,3698
31361,3698
31362,3698
31363,3698
31364,3698
31365,3698
31366,3698
31367,3698
31368,3698
31369,3698
31370,3698
31371,3698
31372,3698
31373,3698
31374,3698
31375,3698
31376,3700
31377,3700
31378,3700
31379,3700
31380,3700
31381,3700
31382,3700
31383,3700
31384,3700
31385,3702
31386,3702
31387,3702
31388,3702
31389,3702
31390,3702
31391,3702
31392,3702
31393,3702
31394,3702
31395,3702
31396,3702
31397,3702
31398,3702
31399,3702
31400,3702
31401,3702
31402,3702
31403,3702
31404,3702
31405,3702
31406,3702
31407,3702
31408,3702
31409,3702
31410,3702
31411,3702
31412,3702
31413,3702
31414,3702
31415,3702
31416,3702
31417,3702
31418,3702
31419,3702
31420,3702
31421,3702
31422,3702
31423,3702
31424,3702
31425,3702
31426,3702
31427,3702
31428,3702
31429,3702
31430,3702
31431,3702
31432,3702
31433,3702
31434,3702
31435,3702
31436,3702
31437,3702
31438,3702
31439,3702
31440,3702
31441,3702
31442,3702
31443,3718
31444,3718
31445,3718
31446,3718
31447,3718
31448,3718
31449,3718
31450,3718
31451,3718
31452,3718
31453,3718
31454,3718
31455,3718
31456,3718
31457,3718
31458,3718
31459,3718
31460,3718
31461,3718
31462,3718
31463,3718
31464,3718
31465,3718
31466,3718
31467,3718
31468,3718
31469,3720
31470,3720
31471,3720
31472,3720
31473,3720
31474,3720
31475,3720
31476,3720
31477,3720
31478,3720
31479,3720
31480,3720
31481,3720
31482,3720
31483,3733
31484,3733
31485,3733
31486,3733
31487,3733
31488,3733
31489,3733
31490,3733
31491,3733
31492,3733
31493,3733
31494,3733
31495,3733
31496,3733
31497,3733
31498,3733
31499,3733
31500,3733
31501,3733
31502,3733
31503,3733
31504,3733
31505,3733
31506,3733
31507,3733
31508,3733
31509,3733
31510,3733
31511,3733
31512,3733
31513,3733
31514,3733
31515,3733
31516,3733
31517,3733
31518,3733
31519,3733
31520,3733
31521,3733
31522,3733
31523,3733
31524,3733
31525,3733
31526,3733
31527,3733
31528,3733
31529,3733
31530,3733
31531,3733
31532,3733
31533,3733
31534,3733
31535,3733
31536,3733
31537,3733
31538,3733
31539,3733
31540,3733
31541,3733
31542,3733
31543,3733
31544,3733
31545,3733
31546,3733
31547,3733
31548,3733
31549,3733
31550,3733
31551,3733
31552,3733
31553,3733
31554,3733
31555,3733
31556,3733
31557,3733
31558,3744
31559,3744
31560,3744
31561,3744
31562,3744
31563,3744
31564,3744
31565,3744
31566,3744
31567,3751
31568,3751
31569,3751
31570,3751
31571,3751
31572,3751
31573,3751
31574,3751
31575,3751
31576,3751
31577,3751
31578,3751
31579,3751
31580,3751
31581,3751
31582,3751
31583,3751
31584,3751
31585,3751
31586,3751
31587,3751
31588,3751
31589,3751
31590,3751
31591,3751
31592,3751
31593,3751
31594,3751
31595,3751
31596,3751
31597,3751
31598,3751
31599,3751
31600,3751
31601,3751
31602,3751
31603,3754
31604,3754
31605,3754
31606,3754
31607,3759
31608,3759
31609,3759
31610,3759
31611,3759
31612,3759
31613,3759
31614,3759
31615,3759
31616,3759
31617,3759
31618,3759
31619,3759
31620,3759
31621,3763
31622,3763
31623,3763
31624,3763
31625,3763
31626,3763
31627,3763
31628,3763
31629,3763
31630,3763
31631,3763
31632,3763
31633,3763
31634,3763
31635,3763
31636,3763
31637,3763
31638,3763
31639,3763
31640,3763
31641,3763
31642,3763
31643,3763
31644,3763
31645,3763
31646,3763
31647,3763
31648,3763
31649,3763
31650,3763
31651,3763
31652,3763
31653,3763
31654,3763
31655,3763
31656,3763
31657,3763
31658,3763
31659,3763
31660,3763
31661,3763
31662,3763
31663,3763
31664,3763
31665,3763
31666,3763
31667,3763
31668,3763
31669,3763
31670,3763
31671,3763
31672,3763
31673,3763
31674,3763
31675,3763
31676,3763
31677,3763
31678,3763
31679,3763
31680,3763
31681,3763
31682,3763
31683,3763
31684,3763
31685,3763
31686,3763
31687,3763
31688,3763
31689,3763
31690,3763
31691,3763
31692,3763
31693,3763
31694,3763
31695,3763
31696,3763
31697,3763
31698,3763
31699,3763
31700,3763
31701,3763
31702,3763
31703,3763
31704,3763
31705,3763
31706,3763
31707,3763
31708,3763
31709,3763
31710,3764
31711,3764
31712,3764
31713,3764
31714,3764
31715,3764
31716,3764
31717,3764
31718,3764
31719,3764
31720,3764
31721,3764
31722,3764
31723,3764
31724,3764
31725,3764
31726,3764
31727,3764
31728,3764
31729,3764
31730,3764
31731,3789
31732,3789
31733,3789
31734,3789
31735,3789
31736,3789
31737,3789
31738,3789
31739,3789
31740,3789
31741,3789
31742,3789
31743,3789
31744,3789
31745,3789
31746,3789
31747,3789
31748,3789
31749,3789
31750,3789
31751,3789
31752,3789
31753,3789
31754,3789
31755,3789
31756,3789
31757,3789
31758,3789
31759,3789
31760,3789
31761,3789
31762,3789
31763,3799
31764,3799
31765,3799
31766,3799
31767,3799
31768,3799
31769,3799
31770,3799
31771,3799
31772,3799
31773,3799
31774,3799
31775,3799
31776,3799
31777,3799
31778,3799
31779,3799
31780,3799
31781,3799
31782,3799
31783,3799
31784,3799
31785,3799
31786,3799
31787,3799
31788,3799
31789,3799
31790,3799
31791,3799
31792,3799
31793,3799
31794,3799
31795,3799
31796,3799
31797,3799
31798,3803
31799,3803
31800,3803
31801,3803
31802,3803
31803,3803
31804,3803
31805,3803
31806,3803
31807,3803
31808,3803
31809,3803
31810,3803
31811,3803
31812,3803
31813,3803
31814,3803
31815,3803
31816,3803
31817,3803
31818,3803
31819,3803
31820,3803
31821,3803
31822,3803
31823,3803
31824,3803
31825,3803
31826,3803
31827,3803
31828,3803
31829,3803
31830,3803
31831,3803
31832,3803
31833,3803
31834,3803
31835,3803
31836,3803
31837,3803
31838,3803
31839,3803
31840,3803
31841,3803
31842,3803
31843,3803
31844,3803
31845,3803
31846,3803
31847,3803
31848,3803
31849,3803
31850,3803
31851,3803
31852,3803
31853,3803
31854,3803
31855,3803
31856,3803
31857,3803
31858,3803
31859,3803
31860,3803
31861,3803
31862,3803
31863,3803
31864,3803
31865,3803
31866,3803
31867,3803
31868,3803
31869,3803
31870,3803
31871,3803
31872,3803
31873,3803
31874,3803
31875,3803
31876,3803
31877,3803
31878,3803
31879,3803
31880,3803
31881,3803
31882,3803
31883,3803
31884,3803
31885,3803
31886,3803
31887,3803
31888,3803
31889,3803
31890,3803
31891,3803
31892,3803
31893,3803
31894,3803
31895,3803
31896,3803
31897,3803
31898,3803
31899,3803
31900,3803
31901,3803
31902,3803
31903,3803
31904,3803
31905,3803
31906,3803
31907,3803
31908,3803
31909,3803
31910,3803
31911,3803
31912,3803
31913,3803
31914,3803
31915,3803
31916,3803
31917,3803
31918,3803
31919,3803
31920,3803
31921,3803
31922,3803
31923,3821
31924,3821
31925,3821
31926,3821
31927,3821
31928,3821
31929,3821
31930,3821
31931,3821
31932,3847
31933,3847
31934,3847
31935,3847
31936,3847
31937,3847
31938,3847
31939,3847
31940,3847
31941,3847
31942,3847
31943,3847
31944,3847
31945,3847
31946,3847
31947,3847
31948,3847
31949,3847
31950,3851
31951,3851
31952,3851
31953,3851
31954,3851
31955,3851
31956,3865
31957,3865
31958,3865
31959,3865
31960,3865
31961,3865
31962,3865
31963,3865
31964,3865
31965,3865
31966,3865
31967,3865
31968,3865
31969,3865
31970,3865
31971,3865
31972,3865
31973,3865
31974,3865
31975,3865
31976,3865
31977,3865
31978,3865
31979,3865
31980,3865
31981,3865
31982,3865
31983,3865
31984,3865
31985,3865
31986,3865
31987,3865
31988,3865
31989,3865
31990,3865
31991,3865
31992,3865
31993,3865
31994,3865
31995,3865
31996,3865
31997,3865
31998,3865
31999,3865
32000,3865
32001,3865
32002,3865
32003,3865
32004,3865
32005,3865
32006,3865
32007,3865
32008,3865
32009,3865
32010,3865
32011,3865
32012,3865
32013,3865
32014,3865
32015,3865
32016,3865
32017,3865
32018,3865
32019,3865
32020,3865
32021,3865
32022,3865
32023,3865
32024,3865
32025,3865
32026,3865
32027,3865
32028,3865
32029,3865
32030,3865
32031,3865
32032,3865
32033,3865
32034,3865
32035,3865
32036,3865
32037,3865
32038,3865
32039,3865
32040,3865
32041,3865
32042,3865
32043,3865
32044,3865
32045,3865
32046,3865
32047,3865
32048,3865
32049,3865
32050,3865
32051,3865
32052,3865
32053,3865
32054,3865
32055,3865
32056,3865
32057,3865
32058,3865
32059,3865
32060,3865
32061,3865
32062,3865
32063,3865
32064,3865
32065,3865
32066,3865
32067,3865
32068,3865
32069,3865
32070,3865
32071,3865
32072,3865
32073,3865
32074,3865
32075,3865
32076,3865
32077,3865
32078,3865
32079,3865
32080,3865
32081,3865
32082,3865
32083,3865
32084,3865
32085,3865
32086,3865
32087,3865
32088,3865
32089,3865
32090,3865
32091,3865
32092,3865
32093,3865
32094,3865
32095,3865
32096,3865
32097,3865
32098,3865
32099,3865
32100,3865
32101,3865
32102,3865
32103,3865
32104,3865
32105,3865
32106,3865
32107,3865
32108,3865
32109,3865
32110,3865
32111,3865
32112,3865
32113,3865
32114,3865
32115,3865
32116,3865
32117,3865
32118,3865
32119,3865
32120,3865
32121,3865
32122,3865
32123,3865
32124,3865
32125,3865
32126,3865
32127,3865
32128,3865
32129,3865
32130,3865
32131,3865
32132,3865
32133,3865
32134,3865
32135,3865
32136,3865
32137,3865
32138,3865
32139,3865
32140,3865
32141,3865
32142,3865
32143,3865
32144,3865
32145,3865
32146,3865
32147,3865
32148,3865
32149,3865
32150,3865
32151,3865
32152,3865
32153,3865
32154,3865
32155,3865
32156,3865
32157,3865
32158,3865
32159,3865
32160,3865
32161,3865
32162,3865
32163,3865
32164,3865
32165,3865
32166,3865
32167,3865
32168,3865
32169,3865
32170,3865
32171,3865
32172,3865
32173,3865
32174,3865
32175,3865
32176,3865
32177,3865
32178,3865
32179,3865
32180,3865
32181,3865
32182,3865
32183,3865
32184,3865
32185,3865
32186,3865
32187,3865
32188,3865
32189,3865
32190,3865
32191,3865
32192,3865
32193,3865
32194,3865
32195,3865
32196,3865
32197,3865
32198,3865
32199,3865
32200,3865
32201,3865
32202,3865
32203,3865
32204,3865
32205,3865
32206,3865
32207,3865
32208,3865
32209,3865
32210,3865
32211,3865
32212,3865
32213,3865
32214,3865
32215,3865
32216,3865
32217,3865
32218,3865
32219,3865
32220,3865
32221,3865
32222,3865
32223,3865
32224,3865
32225,3865
32226,3865
32227,3865
32228,3865
32229,3865
32230,3865
32231,3865
32232,3865
32233,3865
32234,3865
32235,3865
32236,3865
32237,3865
32238,3865
32239,3865
32240,3865
32241,3865
32242,3865
32243,3865
32244,3865
32245,3865
32246,3865
32247,3865
32248,3865
32249,3865
32250,3865
32251,3865
32252,3865
32253,3865
32254,3865
32255,3865
32256,3865
32257,3865
32258,3865
32259,3865
32260,3865
32261,3865
32262,3865
32263,3865
32264,3865
32265,3865
32266,3865
32267,3865
32268,3865
32269,3865
32270,3865
32271,3865
32272,3865
32273,3865
32274,3865
32275,3865
32276,3865
32277,3865
32278,3865
32279,3865
32280,3865
32281,3865
32282,3865
32283,3865
32284,3865
32285,3865
32286,3865
32287,3865
32288,3865
32289,3865
32290,3865
32291,3865
32292,3865
32293,3865
32294,3865
32295,3865
32296,3865
32297,3865
32298,3865
32299,3865
32300,3865
32301,3865
32302,3865
32303,3865
32304,3865
32305,3865
32306,3865
32307,3865
32308,3865
32309,3865
32310,3865
32311,3865
32312,3865
32313,3865
32314,3865
32315,3865
32316,3866
32317,3866
32318,3868
32319,3868
32320,3868
32321,3868
32322,3868
32323,3868
32324,3868
32325,3868
32326,3868
32327,3868
32328,3868
32329,3868
32330,3868
32331,3868
32332,3868
32333,3868
32334,3868
32335,3868
32336,3868
32337,3868
32338,3868
32339,3868
32340,3868
32341,3868
32342,3868
32343,3868
32344,3868
32345,3868
32346,3868
32347,3868
32348,3868
32349,3868
32350,3868
32351,3868
32352,3868
32353,3868
32354,3868
32355,3868
32356,3868
32357,3869
32358,3869
32359,3869
32360,3869
32361,3871
32362,3871
32363,3871
32364,3871
32365,3871
32366,3871
32367,3871
32368,3871
32369,3871
32370,3871
32371,3871
32372,3871
32373,3871
32374,3871
32375,3871
32376,3871
32377,3871
32378,3871
32379,3871
32380,3871
32381,3871
32382,3871
32383,3871
32384,3871
32385,3871
32386,3871
32387,3871
32388,3871
32389,3871
32390,3871
32391,3871
32392,3871
32393,3871
32394,3871
32395,3871
32396,3871
32397,3871
32398,3871
32399,3871
32400,3871
32401,3871
32402,3871
32403,3871
32404,3871
32405,3871
32406,3871
32407,3871
32408,3871
32409,3871
32410,3871
32411,3871
32412,3871
32413,3871
32414,3871
32415,3871
32416,3871
32417,3871
32418,3871
32419,3871
32420,3871
32421,3871
32422,3871
32423,3871
32424,3871
32425,3871
32426,3871
32427,3871
32428,3871
32429,3871
32430,3871
32431,3871
32432,3871
32433,3871
32434,3871
32435,3871
32436,3871
32437,3871
32438,3871
32439,3871
32440,3871
32441,3871
32442,3871
32443,3871
32444,3871
32445,3871
32446,3871
32447,3871
32448,3871
32449,3871
32450,3871
32451,3871
32452,3871
32453,3871
32454,3871
32455,3871
32456,3871
32457,3871
32458,3871
32459,3871
32460,3871
32461,3871
32462,3871
32463,3871
32464,3871
32465,3871
32466,3871
32467,3871
32468,3871
32469,3871
32470,3871
32471,3871
32472,3871
32473,3871
32474,3871
32475,3871
32476,3871
32477,3871
32478,3871
32479,3871
32480,3871
32481,3871
32482,3871
32483,3871
32484,3871
32485,3871
32486,3871
32487,3871
32488,3871
32489,3871
32490,3871
32491,3871
32492,3871
32493,3871
32494,3871
32495,3871
32496,3871
32497,3871
32498,3871
32499,3871
32500,3871
32501,3871
32502,3871
32503,3871
32504,3871
32505,3871
32506,3871
32507,3871
32508,3871
32509,3871
32510,3871
32511,3871
32512,3871
32513,3871
32514,3871
32515,3871
32516,3871
32517,3871
32518,3873
32519,3873
32520,3873
32521,3873
32522,3873
32523,3873
32524,3873
32525,3873
32526,3873
32527,3873
32528,3873
32529,3873
32530,3873
32531,3873
32532,3873
32533,3873
32534,3873
32535,3873
32536,3873
32537,3873
32538,3873
32539,3873
32540,3873
32541,3873
32542,3873
32543,3873
32544,3873
32545,3873
32546,3873
32547,3873
32548,3873
32549,3873
32550,3873
32551,3873
32552,3873
32553,3873
32554,3873
32555,3873
32556,3873
32557,3873
32558,3873
32559,3873
32560,3873
32561,3873
32562,3873
32563,3873
32564,3873
32565,3873
32566,3873
32567,3879
32568,3879
32569,3879
32570,3879
32571,3879
32572,3879
32573,3879
32574,3879
32575,3879
32576,3879
32577,3879
32578,3879
32579,3879
32580,3879
32581,3879
32582,3879
32583,3879
32584,3879
32585,3879
32586,3879
32587,3879
32588,3879
32589,3879
32590,3879
32591,3879
32592,3879
32593,3879
32594,3879
32595,3879
32596,3879
32597,3879
32598,3879
32599,3879
32600,3879
32601,3879
32602,3879
32603,3879
32604,3879
32605,3879
32606,3879
32607,3879
32608,3879
32609,3879
32610,3879
32611,3879
32612,3879
32613,3879
32614,3879
32615,3879
32616,3879
32617,3879
32618,3879
32619,3879
32620,3879
32621,3879
32622,3879
32623,3879
32624,3879
32625,3879
32626,3879
32627,3879
32628,3879
32629,3879
32630,3879
32631,3879
32632,3879
32633,3879
32634,3879
32635,3879
32636,3879
32637,3879
32638,3879
32639,3879
32640,3879
32641,3879
32642,3879
32643,3879
32644,3879
32645,3879
32646,3879
32647,3879
32648,3879
32649,3879
32650,3879
32651,3879
32652,3879
32653,3879
32654,3879
32655,3879
32656,3879
32657,3879
32658,3879
32659,3879
32660,3879
32661,3879
32662,3879
32663,3879
32664,3879
32665,3879
32666,3879
32667,3879
32668,3879
32669,3879
32670,3879
32671,3879
32672,3879
32673,3879
32674,3879
32675,3879
32676,3879
32677,3879
32678,3879
32679,3879
32680,3879
32681,3879
32682,3879
32683,3879
32684,3879
32685,3879
32686,3879
32687,3879
32688,3879
32689,3879
32690,3879
32691,3879
32692,3879
32693,3879
32694,3879
32695,3879
32696,3879
32697,3879
32698,3879
32699,3879
32700,3879
32701,3879
32702,3879
32703,3879
32704,3879
32705,3879
32706,3879
32707,3879
32708,3879
32709,3879
32710,3879
32711,3879
32712,3879
32713,3879
32714,3879
32715,3879
32716,3879
32717,3879
32718,3879
32719,3879
32720,3879
32721,3879
32722,3879
32723,3879
32724,3879
32725,3879
32726,3879
32727,3879
32728,3879
32729,3879
32730,3879
32731,3879
32732,3879
32733,3879
32734,3879
32735,3879
32736,3879
32737,3879
32738,3879
32739,3879
32740,3879
32741,3879
32742,3879
32743,3879
32744,3879
32745,3879
32746,3879
32747,3879
32748,3879
32749,3879
32750,3879
32751,3881
32752,3881
32753,3881
32754,3881
32755,3881
32756,3881
32757,3881
32758,3881
32759,3881
32760,3881
32761,3881
32762,3881
32763,3881
32764,3881
32765,3881
32766,3881
32767,3881
32768,3881
32769,3881
32770,3881
32771,3881
32772,3881
32773,3881
32774,3881
32775,3881
32776,3881
32777,3881
32778,3881
32779,3881
32780,3881
32781,3881
32782,3881
32783,3881
32784,3881
32785,3881
32786,3881
32787,3881
32788,3881
32789,3881
32790,3881
32791,3881
32792,3881
32793,3881
32794,3881
32795,3881
32796,3881
32797,3881
32798,3881
32799,3881
32800,3881
32801,3881
32802,3881
32803,3881
32804,3881
32805,3881
32806,3881
32807,3881
32808,3881
32809,3881
32810,3881
32811,3881
32812,3881
32813,3881
32814,3881
32815,3881
32816,3881
32817,3881
32818,3881
32819,3881
32820,3881
32821,3881
32822,3881
32823,3881
32824,3881
32825,3881
32826,3881
32827,3881
32828,3881
32829,3881
32830,3881
32831,3881
32832,3881
32833,3881
32834,3881
32835,3881
32836,3881
32837,3881
32838,3881
32839,3881
32840,3881
32841,3881
32842,3881
32843,3881
32844,3881
32845,3881
32846,3881
32847,3881
32848,3881
32849,3881
32850,3881
32851,3881
32852,3881
32853,3881
32854,3881
32855,3881
32856,3881
32857,3881
32858,3881
32859,3881
32860,3881
32861,3881
32862,3881
32863,3881
32864,3881
32865,3881
32866,3881
32867,3881
32868,3881
32869,3881
32870,3881
32871,3881
32872,3881
32873,3881
32874,3881
32875,3881
32876,3881
32877,3881
32878,3881
32879,3881
32880,3881
32881,3881
32882,3881
32883,3881
32884,3881
32885,3881
32886,3881
32887,3881
32888,3881
32889,3881
32890,3881
32891,3881
32892,3881
32893,3881
32894,3881
32895,3881
32896,3881
32897,3881
32898,3881
32899,3881
32900,3881
32901,3881
32902,3881
32903,3881
32904,3881
32905,3881
32906,3881
32907,3881
32908,3881
32909,3881
32910,3881
32911,3881
32912,3881
32913,3881
32914,3881
32915,3881
32916,3881
32917,3881
32918,3881
32919,3881
32920,3881
32921,3881
32922,3881
32923,3881
32924,3881
32925,3881
32926,3881
32927,3881
32928,3881
32929,3881
32930,3881
32931,3881
32932,3881
32933,3881
32934,3881
32935,3881
32936,3881
32937,3881
32938,3881
32939,3881
32940,3881
32941,3881
32942,3881
32943,3881
32944,3881
32945,3881
32946,3881
32947,3881
32948,3881
32949,3881
32950,3881
32951,3881
32952,3881
32953,3881
32954,3881
32955,3881
32956,3881
32957,3881
32958,3881
32959,3881
32960,3881
32961,3885
32962,3885
32963,3885
32964,3885
32965,3885
32966,3885
32967,3885
32968,3885
32969,3885
32970,3885
32971,3885
32972,3885
32973,3885
32974,3885
32975,3885
32976,3885
32977,3885
32978,3885
32979,3885
32980,3885
32981,3885
32982,3885
32983,3885
32984,3885
32985,3885
32986,3885
32987,3885
32988,3885
32989,3885
32990,3885
32991,3885
32992,3885
32993,3885
32994,3885
32995,3885
32996,3885
32997,3885
32998,3885
32999,3885
33000,3885
33001,3885
33002,3885
33003,3885
33004,3885
33005,3885
33006,3885
33007,3885
33008,3885
33009,3885
33010,3885
33011,3885
33012,3885
33013,3885
33014,3885
33015,3885
33016,3885
33017,3885
33018,3885
33019,3885
33020,3885
33021,3885
33022,3885
33023,3885
33024,3885
33025,3885
33026,3885
33027,3885
33028,3885
33029,3885
33030,3885
33031,3885
33032,3885
33033,3885
33034,3885
33035,3885
33036,3885
33037,3885
33038,3885
33039,3885
33040,3885
33041,3885
33042,3885
33043,3885
33044,3885
33045,3885
33046,3885
33047,3885
33048,3885
33049,3885
33050,3885
33051,3885
33052,3885
33053,3885
33054,3885
33055,3885
33056,3885
33057,3885
33058,3885
33059,3885
33060,3885
33061,3885
33062,3885
33063,3885
33064,3885
33065,3885
33066,3885
33067,3885
33068,3885
33069,3885
33070,3885
33071,3885
33072,3885
33073,3885
33074,3885
33075,3885
33076,3885
33077,3885
33078,3885
33079,3885
33080,3885
33081,3885
33082,3885
33083,3885
33084,3885
33085,3885
33086,3885
33087,3885
33088,3885
33089,3885
33090,3885
33091,3885
33092,3885
33093,3885
33094,3885
33095,3885
33096,3885
33097,3885
33098,3885
33099,3885
33100,3885
33101,3885
33102,3885
33103,3885
33104,3885
33105,3885
33106,3885
33107,3885
33108,3885
33109,3885
33110,3885
33111,3885
33112,3885
33113,3885
33114,3885
33115,3885
33116,3885
33117,3885
33118,3885
33119,3885
33120,3885
33121,3885
33122,3885
33123,3885
33124,3885
33125,3885
33126,3885
33127,3885
33128,3885
33129,3885
33130,3885
33131,3885
33132,3885
33133,3885
33134,3885
33135,3885
33136,3885
33137,3885
33138,3885
33139,3885
33140,3885
33141,3885
33142,3885
33143,3885
33144,3885
33145,3885
33146,3885
33147,3885
33148,3885
33149,3885
33150,3885
33151,3885
33152,3885
33153,3885
33154,3885
33155,3885
33156,3885
33157,3885
33158,3885
33159,3885
33160,3885
33161,3885
33162,3885
33163,3885
33164,3885
33165,3885
33166,3885
33167,3885
33168,3885
33169,3885
33170,3885
33171,3885
33172,3885
33173,3885
33174,3885
33175,3885
33176,3885
33177,3885
33178,3885
33179,3885
33180,3885
33181,3885
33182,3885
33183,3891
33184,3891
33185,3891
33186,3891
33187,3891
33188,3891
33189,3891
33190,3891
33191,3891
33192,3891
33193,3891
33194,3891
33195,3891
33196,3891
33197,3891
33198,3891
33199,3891
33200,3891
33201,3891
33202,3891
33203,3891
33204,3891
33205,3891
33206,3891
33207,3891
33208,3891
33209,3891
33210,3891
33211,3891
33212,3891
33213,3891
33214,3891
33215,3891
33216,3891
33217,3891
33218,3891
33219,3891
33220,3891
33221,3891
33222,3891
33223,3891
33224,3891
33225,3891
33226,3891
33227,3891
33228,3891
33229,3891
33230,3891
33231,3891
33232,3891
33233,3891
33234,3891
33235,3891
33236,3891
33237,3891
33238,3891
33239,3891
33240,3891
33241,3891
33242,3891
33243,3891
33244,3891
33245,3891
33246,3891
33247,3891
33248,3891
33249,3891
33250,3891
33251,3891
33252,3891
33253,3891
33254,3891
33255,3891
33256,3891
33257,3891
33258,3891
33259,3891
33260,3891
33261,3891
33262,3891
33263,3891
33264,3891
33265,3891
33266,3891
33267,3891
33268,3891
33269,3891
33270,3891
33271,3891
33272,3891
33273,3891
33274,3891
33275,3891
33276,3891
33277,3891
33278,3891
33279,3891
33280,3891
33281,3891
33282,3891
33283,3891
33284,3891
33285,3891
33286,3891
33287,3891
33288,3891
33289,3891
33290,3891
33291,3891
33292,3891
33293,3891
33294,3891
33295,3891
33296,3891
33297,3891
33298,3891
33299,3891
33300,3891
33301,3891
33302,3891
33303,3891
33304,3891
33305,3891
33306,3891
33307,3891
33308,3891
33309,3891
33310,3891
33311,3891
33312,3891
33313,3891
33314,3891
33315,3891
33316,3891
33317,3891
33318,3891
33319,3891
33320,3891
33321,3891
33322,3891
33323,3891
33324,3891
33325,3891
33326,3891
33327,3891
33328,3891
33329,3891
33330,3891
33331,3891
33332,3891
33333,3891
33334,3891
33335,3891
33336,3895
33337,3895
33338,3895
33339,3895
33340,3895
33341,3895
33342,3895
33343,3895
33344,3895
33345,3895
33346,3895
33347,3895
33348,3895
33349,3895
33350,3895
33351,3895
33352,3895
33353,3895
33354,3895
33355,3895
33356,3895
33357,3895
33358,3895
33359,3895
33360,3895
33361,3895
33362,3895
33363,3895
33364,3895
33365,3895
33366,3895
33367,3895
33368,3895
33369,3895
33370,3895
33371,3895
33372,3895
33373,3895
33374,3895
33375,3895
33376,3895
33377,3895
33378,3895
33379,3895
33380,3895
33381,3895
33382,3895
33383,3895
33384,3895
33385,3895
33386,3895
33387,3895
33388,3895
33389,3895
33390,3895
33391,3895
33392,3895
33393,3895
33394,3895
33395,3895
33396,3895
33397,3895
33398,3895
33399,3895
33400,3895
33401,3895
33402,3895
33403,3895
33404,3895
33405,3895
33406,3895
33407,3895
33408,3895
33409,3895
33410,3895
33411,3895
33412,3895
33413,3895
33414,3895
33415,3895
33416,3895
33417,3895
33418,3895
33419,3895
33420,3895
33421,3895
33422,3895
33423,3895
33424,3895
33425,3895
33426,3895
33427,3895
33428,3895
33429,3895
33430,3895
33431,3895
33432,3895
33433,3895
33434,3895
33435,3895
33436,3895
33437,3895
33438,3895
33439,3895
33440,3895
33441,3895
33442,3895
33443,3895
33444,3895
33445,3895
33446,3895
33447,3895
33448,3895
33449,3895
33450,3895
33451,3895
33452,3895
33453,3895
33454,3895
33455,3895
33456,3895
33457,3895
33458,3895
33459,3895
33460,3895
33461,3895
33462,3895
33463,3895
33464,3895
33465,3895
33466,3895
33467,3895
33468,3895
33469,3895
33470,3895
33471,3895
33472,3895
33473,3895
33474,3895
33475,3895
33476,3895
33477,3895
33478,3895
33479,3895
33480,3895
33481,3895
33482,3895
33483,3895
33484,3895
33485,3895
33486,3895
33487,3895
33488,3895
33489,3895
33490,3895
33491,3895
33492,3895
33493,3895
33494,3895
33495,3895
33496,3895
33497,3895
33498,3895
33499,3895
33500,3895
33501,3895
33502,3895
33503,3895
33504,3895
33505,3895
33506,3895
33507,3895
33508,3895
33509,3895
33510,3895
33511,3895
33512,3895
33513,3895
33514,3895
33515,3895
33516,3895
33517,3895
33518,3895
33519,3895
33520,3895
33521,3895
33522,3895
33523,3895
33524,3895
33525,3895
33526,3895
33527,3895
33528,3895
33529,3895
33530,3895
33531,3895
33532,3895
33533,3895
33534,3895
33535,3895
33536,3895
33537,3895
33538,3895
33539,3895
33540,3895
33541,3895
33542,3895
33543,3895
33544,3895
33545,3895
33546,3895
33547,3895
33548,3895
33549,3895
33550,3895
33551,3895
33552,3895
33553,3895
33554,3895
33555,3895
33556,3895
33557,3895
33558,3895
33559,3895
33560,3895
33561,3895
33562,3895
33563,3895
33564,3895
33565,3895
33566,3895
33567,3895
33568,3895
33569,3895
33570,3895
33571,3895
33572,3895
33573,3895
33574,3895
33575,3895
33576,3895
33577,3895
33578,3895
33579,3895
33580,3895
33581,3895
33582,3895
33583,3895
33584,3895
33585,3895
33586,3895
33587,3895
33588,3895
33589,3895
33590,3895
33591,3895
33592,3895
33593,3895
33594,3895
33595,3895
33596,3895
33597,3895
33598,3895
33599,3895
33600,3895
33601,3895
33602,3895
33603,3895
33604,3895
33605,3895
33606,3895
33607,3895
33608,3895
33609,3895
33610,3895
33611,3895
33612,3895
33613,3895
33614,3895
33615,3895
33616,3895
33617,3895
33618,3895
33619,3895
33620,3895
33621,3895
33622,3895
33623,3895
33624,3895
33625,3895
33626,3895
33627,3895
33628,3895
33629,3895
33630,3895
33631,3895
33632,3895
33633,3895
33634,3895
33635,3895
33636,3895
33637,3895
33638,3895
33639,3895
33640,3895
33641,3895
33642,3895
33643,3895
33644,3895
33645,3895
33646,3895
33647,3895
33648,3895
33649,3895
33650,3895
33651,3895
33652,3895
33653,3895
33654,3895
33655,3895
33656,3895
33657,3895
33658,3895
33659,3895
33660,3895
33661,3895
33662,3895
33663,3895
33664,3895
33665,3895
33666,3895
33667,3895
33668,3895
33669,3895
33670,3895
33671,3895
33672,3895
33673,3895
33674,3895
33675,3895
33676,3895
33677,3895
33678,3895
33679,3895
33680,3895
33681,3895
33682,3895
33683,3895
33684,3895
33685,3895
33686,3895
33687,3895
33688,3895
33689,3895
33690,3895
33691,3895
33692,3895
33693,3895
33694,3895
33695,3895
33696,3895
33697,3895
33698,3895
33699,3895
33700,3895
33701,3895
33702,3895
33703,3895
33704,3895
33705,3895
33706,3895
33707,3895
33708,3895
33709,3895
33710,3895
33711,3895
33712,3895
33713,3895
33714,3895
33715,3895
33716,3895
33717,3895
33718,3895
33719,3895
33720,3895
33721,3895
33722,3895
33723,3895
33724,3895
33725,3895
33726,3895
33727,3895
33728,3895
33729,3895
33730,3895
33731,3895
33732,3895
33733,3895
33734,3895
33735,3895
33736,3895
33737,3895
33738,3895
33739,3895
33740,3895
33741,3895
33742,3895
33743,3895
33744,3895
33745,3895
33746,3895
33747,3895
33748,3895
33749,3895
33750,3895
33751,3895
33752,3895
33753,3895
33754,3895
33755,3895
33756,3895
33757,3895
33758,3895
33759,3895
33760,3895
33761,3895
33762,3895
33763,3895
33764,3895
33765,3895
33766,3895
33767,3895
33768,3895
33769,3895
33770,3895
33771,3895
33772,3895
33773,3895
33774,3895
33775,3895
33776,3895
33777,3895
33778,3895
33779,3895
33780,3895
33781,3895
33782,3895
33783,3895
33784,3895
33785,3895
33786,3895
33787,3895
33788,3895
33789,3895
33790,3895
33791,3895
33792,3895
33793,3895
33794,3895
33795,3895
33796,3895
33797,3895
33798,3895
33799,3895
33800,3895
33801,3895
33802,3895
33803,3895
33804,3896
33805,3896
33806,3896
33807,3896
33808,3896
33809,3896
33810,3896
33811,3896
33812,3896
33813,3896
33814,3896
33815,3896
33816,3896
33817,3896
33818,3896
33819,3896
33820,3896
33821,3896
33822,3896
33823,3896
33824,3896
33825,3896
33826,3914
33827,3914
33828,3914
33829,3914
33830,3914
33831,3914
33832,3914
33833,3914
33834,3914
33835,3914
33836,3914
33837,3914
33838,3914
33839,3914
33840,3914
33841,3914
33842,3914
33843,3914
33844,3914
33845,3914
33846,3914
33847,3914
33848,3914
33849,3914
33850,3914
33851,3914
33852,3914
33853,3914
33854,3914
33855,3914
33856,3914
33857,3914
33858,3914
33859,3914
33860,3914
33861,3914
33862,3914
33863,3914
33864,3914
33865,3914
33866,3914
33867,3914
33868,3914
33869,3914
33870,3914
33871,3914
33872,3914
33873,3914
33874,3914
33875,3914
33876,3914
33877,3914
33878,3914
33879,3914
33880,3914
33881,3914
33882,3914
33883,3914
33884,3914
33885,3914
33886,3914
33887,3914
33888,3914
33889,3914
33890,3914
33891,3914
33892,3914
33893,3914
33894,3914
33895,3914
33896,3914
33897,3914
33898,3914
33899,3914
33900,3914
33901,3914
33902,3914
33903,3914
33904,3914
33905,3914
33906,3914
33907,3914
33908,3914
33909,3914
33910,3914
33911,3914
33912,3914
33913,3914
33914,3914
33915,3914
33916,3914
33917,3914
33918,3914
33919,3914
33920,3914
33921,3914
33922,3914
33923,3914
33924,3914
33925,3914
33926,3914
33927,3914
33928,3914
33929,3914
33930,3914
33931,3914
33932,3914
33933,3914
33934,3914
33935,3914
33936,3914
33937,3914
33938,3914
33939,3914
33940,3914
33941,3914
33942,3914
33943,3914
33944,3914
33945,3914
33946,3914
33947,3914
33948,3914
33949,3914
33950,3914
33951,3914
33952,3914
33953,3914
33954,3914
33955,3914
33956,3914
33957,3914
33958,3914
33959,3914
33960,3914
33961,3914
33962,3914
33963,3914
33964,3914
33965,3914
33966,3914
33967,3914
33968,3914
33969,3914
33970,3914
33971,3914
33972,3914
33973,3914
33974,3914
33975,3914
33976,3914
33977,3914
33978,3914
33979,3914
33980,3914
33981,3914
33982,3914
33983,3914
33984,3914
33985,3914
33986,3914
33987,3914
33988,3914
33989,3914
33990,3914
33991,3914
33992,3914
33993,3914
33994,3914
33995,3914
33996,3914
33997,3914
33998,3914
33999,3914
34000,3914
34001,3914
34002,3914
34003,3914
34004,3914
34005,3914
34006,3914
34007,3914
34008,3914
34009,3914
34010,3914
34011,3914
34012,3914
34013,3914
34014,3914
34015,3914
34016,3914
34017,3914
34018,3914
34019,3914
34020,3914
34021,3914
34022,3914
34023,3914
34024,3914
34025,3914
34026,3914
34027,3914
34028,3914
34029,3914
34030,3914
34031,3914
34032,3914
34033,3914
34034,3914
34035,3914
34036,3914
34037,3914
34038,3914
34039,3914
34040,3914
34041,3914
34042,3914
34043,3914
34044,3914
34045,3914
34046,3914
34047,3914
34048,3914
34049,3914
34050,3914
34051,3914
34052,3914
34053,3914
34054,3914
34055,3914
34056,3914
34057,3914
34058,3914
34059,3914
34060,3914
34061,3914
34062,3914
34063,3914
34064,3914
34065,3914
34066,3914
34067,3914
34068,3914
34069,3914
34070,3914
34071,3914
34072,3914
34073,3914
34074,3914
34075,3914
34076,3914
34077,3914
34078,3914
34079,3914
34080,3914
34081,3914
34082,3914
34083,3914
34084,3914
34085,3914
34086,3914
34087,3914
34088,3914
34089,3914
34090,3914
34091,3914
34092,3914
34093,3914
34094,3914
34095,3914
34096,3914
34097,3914
34098,3914
34099,3914
34100,3914
34101,3914
34102,3914
34103,3914
34104,3914
34105,3914
34106,3914
34107,3914
34108,3914
34109,3914
34110,3914
34111,3914
34112,3914
34113,3914
34114,3914
34115,3914
34116,3914
34117,3914
34118,3914
34119,3914
34120,3914
34121,3914
34122,3914
34123,3914
34124,3914
34125,3914
34126,3914
34127,3914
34128,3914
34129,3914
34130,3914
34131,3914
34132,3914
34133,3914
34134,3914
34135,3914
34136,3914
34137,3914
34138,3914
34139,3914
34140,3914
34141,3914
34142,3914
34143,3914
34144,3914
34145,3914
34146,3914
34147,3914
34148,3914
34149,3914
34150,3914
34151,3914
34152,3914
34153,3914
34154,3914
34155,3914
34156,3914
34157,3914
34158,3914
34159,3914
34160,3914
34161,3914
34162,3914
34163,3914
34164,3914
34165,3914
34166,3914
34167,3914
34168,3914
34169,3914
34170,3914
34171,3914
34172,3914
34173,3914
34174,3914
34175,3914
34176,3914
34177,3914
34178,3914
34179,3914
34180,3914
34181,3914
34182,3914
34183,3914
34184,3914
34185,3914
34186,3914
34187,3914
34188,3914
34189,3914
34190,3914
34191,3914
34192,3914
34193,3914
34194,3914
34195,3914
34196,3914
34197,3914
34198,3914
34199,3914
34200,3914
34201,3914
34202,3914
34203,3914
34204,3914
34205,3914
34206,3914
34207,3914
34208,3914
34209,3914
34210,3914
34211,3914
34212,3914
34213,3914
34214,3914
34215,3914
34216,3914
34217,3914
34218,3914
34219,3914
34220,3914
34221,3914
34222,3914
34223,3914
34224,3914
34225,3914
34226,3914
34227,3914
34228,3914
34229,3914
34230,3914
34231,3914
34232,3914
34233,3914
34234,3914
34235,3914
34236,3914
34237,3914
34238,3914
34239,3914
34240,3914
34241,3914
34242,3914
34243,3914
34244,3914
34245,3914
34246,3914
34247,3914
34248,3914
34249,3914
34250,3914
34251,3914
34252,3914
34253,3914
34254,3914
34255,3914
34256,3914
34257,3914
34258,3914
34259,3914
34260,3914
34261,3914
34262,3914
34263,3914
34264,3914
34265,3914
34266,3914
34267,3914
34268,3914
34269,3914
34270,3914
34271,3914
34272,3914
34273,3914
34274,3914
34275,3914
34276,3914
34277,3914
34278,3914
34279,3914
34280,3914
34281,3914
34282,3914
34283,3914
34284,3914
34285,3914
34286,3914
34287,3914
34288,3914
34289,3914
34290,3914
34291,3914
34292,3914
34293,3914
34294,3914
34295,3914
34296,3914
34297,3914
34298,3914
34299,3914
34300,3914
34301,3914
34302,3914
34303,3914
34304,3914
34305,3914
34306,3914
34307,3914
34308,3914
34309,3914
34310,3914
34311,3914
34312,3914
34313,3914
34314,3914
34315,3914
34316,3914
34317,3914
34318,3914
34319,3914
34320,3914
34321,3914
34322,3914
34323,3914
34324,3914
34325,3914
34326,3914
34327,3914
34328,3914
34329,3914
34330,3914
34331,3914
34332,3914
34333,3914
34334,3914
34335,3914
34336,3914
34337,3914
34338,3914
34339,3914
34340,3914
34341,3914
34342,3914
34343,3914
34344,3914
34345,3914
34346,3914
34347,3914
34348,3914
34349,3914
34350,3914
34351,3914
34352,3914
34353,3914
34354,3914
34355,3914
34356,3914
34357,3914
34358,3914
34359,3914
34360,3917
34361,3917
34362,3917
34363,3917
34364,3917
34365,3917
34366,3917
34367,3917
34368,3917
34369,3917
34370,3917
34371,3917
34372,3917
34373,3917
34374,3917
34375,3917
34376,3917
34377,3917
34378,3917
34379,3917
34380,3917
34381,3917
34382,3917
34383,3917
34384,3917
34385,3917
34386,3917
34387,3917
34388,3917
34389,3917
34390,3917
34391,3917
34392,3917
34393,3917
34394,3917
34395,3917
34396,3917
34397,3917
34398,3917
34399,3917
34400,3917
34401,3917
34402,3917
34403,3917
34404,3917
34405,3917
34406,3917
34407,3917
34408,3917
34409,3917
34410,3917
34411,3917
34412,3917
34413,3917
34414,3917
34415,3917
34416,3917
34417,3917
34418,3917
34419,3917
34420,3917
34421,3917
34422,3917
34423,3917
34424,3917
34425,3917
34426,3917
34427,3917
34428,3917
34429,3917
34430,3917
34431,3917
34432,3917
34433,3917
34434,3917
34435,3917
34436,3917
34437,3917
34438,3917
34439,3917
34440,3917
34441,3917
34442,3917
34443,3917
34444,3917
34445,3917
34446,3917
34447,3917
34448,3917
34449,3917
34450,3917
34451,3917
34452,3917
34453,3917
34454,3917
34455,3917
34456,3917
34457,3917
34458,3917
34459,3917
34460,3917
34461,3917
34462,3917
34463,3917
34464,3917
34465,3917
34466,3917
34467,3917
34468,3917
34469,3917
34470,3917
34471,3917
34472,3917
34473,3917
34474,3917
34475,3917
34476,3917
34477,3917
34478,3917
34479,3917
34480,3917
34481,3917
34482,3917
34483,3917
34484,3917
34485,3917
34486,3917
34487,3917
34488,3917
34489,3917
34490,3917
34491,3917
34492,3917
34493,3917
34494,3917
34495,3917
34496,3917
34497,3917
34498,3917
34499,3917
34500,3917
34501,3917
34502,3917
34503,3917
34504,3917
34505,3917
34506,3917
34507,3917
34508,3917
34509,3917
34510,3917
34511,3917
34512,3917
34513,3917
34514,3917
34515,3917
34516,3917
34517,3917
34518,3917
34519,3917
34520,3917
34521,3917
34522,3917
34523,3917
34524,3917
34525,3917
34526,3917
34527,3917
34528,3917
34529,3917
34530,3917
34531,3917
34532,3917
34533,3917
34534,3917
34535,3917
34536,3917
34537,3917
34538,3917
34539,3917
34540,3917
34541,3917
34542,3917
34543,3917
34544,3917
34545,3917
34546,3917
34547,3917
34548,3917
34549,3917
34550,3917
34551,3917
34552,3917
34553,3917
34554,3917
34555,3917
34556,3917
34557,3917
34558,3917
34559,3917
34560,3917
34561,3917
34562,3917
34563,3917
34564,3917
34565,3917
34566,3917
34567,3917
34568,3917
34569,3917
34570,3917
34571,3917
34572,3917
34573,3917
34574,3917
34575,3917
34576,3917
34577,3917
34578,3917
34579,3917
34580,3917
34581,3917
34582,3917
34583,3917
34584,3917
34585,3917
34586,3917
34587,3917
34588,3917
34589,3917
34590,3917
34591,3917
34592,3917
34593,3917
34594,3917
34595,3917
34596,3917
34597,3917
34598,3917
34599,3917
34600,3917
34601,3917
34602,3917
34603,3917
34604,3917
34605,3917
34606,3917
34607,3917
34608,3917
34609,3917
34610,3917
34611,3917
34612,3917
34613,3917
34614,3917
34615,3917
34616,3917
34617,3917
34618,3917
34619,3917
34620,3917
34621,3917
34622,3917
34623,3917
34624,3917
34625,3917
34626,3917
34627,3917
34628,3917
34629,3921
34630,3921
34631,3921
34632,3921
34633,3921
34634,3921
34635,3921
34636,3921
34637,3921
34638,3921
34639,3921
34640,3921
34641,3921
34642,3921
34643,3921
34644,3921
34645,3921
34646,3921
34647,3921
34648,3921
34649,3921
34650,3921
34651,3921
34652,3921
34653,3921
34654,3921
34655,3921
34656,3921
34657,3921
34658,3921
34659,3921
34660,3921
34661,3921
34662,3921
34663,3921
34664,3921
34665,3921
34666,3921
34667,3921
34668,3921
34669,3921
34670,3921
34671,3921
34672,3921
34673,3921
34674,3921
34675,3921
34676,3921
34677,3921
34678,3921
34679,3921
34680,3921
34681,3921
34682,3921
34683,3921
34684,3921
34685,3921
34686,3921
34687,3921
34688,3921
34689,3921
34690,3921
34691,3921
34692,3921
34693,3921
34694,3921
34695,3921
34696,3921
34697,3921
34698,3921
34699,3921
34700,3921
34701,3921
34702,3921
34703,3921
34704,3921
34705,3921
34706,3921
34707,3921
34708,3921
34709,3921
34710,3921
34711,3921
34712,3921
34713,3921
34714,3921
34715,3921
34716,3921
34717,3921
34718,3921
34719,3921
34720,3921
34721,3921
34722,3921
34723,3921
34724,3921
34725,3921
34726,3921
34727,3921
34728,3921
34729,3921
34730,3921
34731,3921
34732,3921
34733,3921
34734,3921
34735,3921
34736,3921
34737,3921
34738,3921
34739,3921
34740,3921
34741,3921
34742,3921
34743,3921
34744,3921
34745,3921
34746,3921
34747,3921
34748,3921
34749,3921
34750,3921
34751,3921
34752,3921
34753,3921
34754,3921
34755,3921
34756,3921
34757,3921
34758,3921
34759,3921
34760,3921
34761,3921
34762,3921
34763,3921
34764,3921
34765,3921
34766,3921
34767,3921
34768,3921
34769,3921
34770,3921
34771,3921
34772,3921
34773,3921
34774,3921
34775,3921
34776,3921
34777,3921
34778,3921
34779,3921
34780,3921
34781,3921
34782,3921
34783,3921
34784,3921
34785,3921
34786,3921
34787,3921
34788,3921
34789,3921
34790,3921
34791,3921
34792,3921
34793,3921
34794,3921
34795,3921
34796,3921
34797,3921
34798,3921
34799,3921
34800,3926
34801,3926
34802,3926
34803,3926
34804,3926
34805,3926
34806,3926
34807,3926
34808,3926
34809,3926
34810,3926
34811,3926
34812,3926
34813,3926
34814,3926
34815,3926
34816,3926
34817,3926
34818,3926
34819,3926
34820,3926
34821,3926
34822,3926
34823,3926
34824,3926
34825,3926
34826,3926
34827,3926
34828,3926
34829,3926
34830,3926
34831,3926
34832,3926
34833,3926
34834,3926
34835,3926
34836,3926
34837,3926
34838,3926
34839,3926
34840,3926
34841,3926
34842,3926
34843,3926
34844,3930
34845,3930
34846,3930
34847,3930
34848,3930
34849,3930
34850,3930
34851,3930
34852,3930
34853,3930
34854,3930
34855,3930
34856,3930
34857,3930
34858,3930
34859,3930
34860,3930
34861,3930
34862,3930
34863,3930
34864,3930
34865,3930
34866,3930
34867,3930
34868,3930
34869,3930
34870,3930
34871,3930
34872,3930
34873,3930
34874,3930
34875,3930
34876,3930
34877,3930
34878,3930
34879,3930
34880,3930
34881,3930
34882,3930
34883,3930
34884,3930
34885,3930
34886,3930
34887,3930
34888,3957
34889,3957
34890,3957
34891,3957
34892,3957
34893,3957
34894,3957
34895,3957
34896,3957
34897,3957
34898,3957
34899,3957
34900,3960
34901,3960
34902,3960
34903,3960
34904,3960
34905,3960
34906,3960
34907,3960
34908,3960
34909,3960
34910,3960
34911,3960
34912,3960
34913,3960
34914,3960
34915,3960
34916,3960
34917,3960
34918,3960
34919,3960
34920,3960
34921,3960
34922,3960
34923,3960
34924,3960
34925,3960
34926,3960
34927,3960
34928,3960
34929,3964
34930,3964
34931,3964
34932,3964
34933,3964
34934,3964
34935,3964
34936,3964
34937,3964
34938,3964
34939,3964
34940,3964
34941,3964
34942,3964
34943,3964
34944,3964
34945,3964
34946,3964
34947,3964
34948,3964
34949,3964
34950,3964
34951,3964
34952,3964
34953,3964
34954,3964
34955,3964
34956,3964
34957,3964
34958,3964
34959,3964
34960,3964
34961,3964
34962,3964
34963,3964
34964,3964
34965,3964
34966,3964
34967,3964
34968,3964
34969,3964
34970,3964
34971,3964
34972,3964
34973,3964
34974,3964
34975,3964
34976,3964
34977,3964
34978,3964
34979,3964
34980,3964
34981,3964
34982,3964
34983,3964
34984,3964
34985,3964
34986,3964
34987,3964
34988,3964
34989,3964
34990,3964
34991,3964
34992,3964
34993,3964
34994,3964
34995,3964
34996,3964
34997,3964
34998,3964
34999,3964
35000,3964
35001,3964
35002,3964
35003,3964
35004,3964
35005,3964
35006,3964
35007,3964
35008,3964
35009,3964
35010,3964
35011,3964
35012,3964
35013,3964
35014,3964
35015,3964
35016,3964
35017,3964
35018,3964
35019,3964
35020,3964
35021,3964
35022,3964
35023,3964
35024,3964
35025,3964
35026,3964
35027,3964
35028,3964
35029,3964
35030,3964
35031,3964
35032,3964
35033,3964
35034,3964
35035,3964
35036,3964
35037,3964
35038,3964
35039,3964
35040,3964
35041,3964
35042,3964
35043,3964
35044,3964
35045,3964
35046,3964
35047,3964
35048,3964
35049,3964
35050,3964
35051,3964
35052,3964
35053,3964
35054,3964
35055,3964
35056,3964
35057,3964
35058,3964
35059,3964
35060,3964
35061,3964
35062,3964
35063,3964
35064,3964
35065,3968
35066,3968
35067,3968
35068,3968
35069,3968
35070,3968
35071,3968
35072,3968
35073,3968
35074,3968
35075,3968
35076,3968
35077,3968
35078,3968
35079,3968
35080,3968
35081,3968
35082,3968
35083,3968
35084,3968
35085,3968
35086,3968
35087,3968
35088,3968
35089,3968
35090,3968
35091,3968
35092,3968
35093,3968
35094,3968
35095,3968
35096,3968
35097,3968
35098,3968
35099,3968
35100,3968
35101,3968
35102,3968
35103,3968
35104,3968
35105,3968
35106,3968
35107,3968
35108,3968
35109,3968
35110,3968
35111,3968
35112,3968
35113,3968
35114,3968
35115,3968
35116,3968
35117,3968
35118,3974
35119,3974
35120,3974
35121,3974
35122,3974
35123,3974
35124,3974
35125,3974
35126,3974
35127,3974
35128,3974
35129,3974
35130,3974
35131,3974
35132,3974
35133,3974
35134,3974
35135,3974
35136,3974
35137,3974
35138,3974
35139,3974
35140,3974
35141,3974
35142,3974
35143,3974
35144,3974
35145,3974
35146,3974
35147,3974
35148,3974
35149,3974
35150,3974
35151,3974
35152,3974
35153,3974
35154,3974
35155,3974
35156,3974
35157,3974
35158,3974
35159,3974
35160,3974
35161,3974
35162,3974
35163,3974
35164,3974
35165,3974
35166,3974
35167,3974
35168,3974
35169,3974
35170,3974
35171,3974
35172,3974
35173,3974
35174,3974
35175,3974
35176,3974
35177,3974
35178,3974
35179,3974
35180,3974
35181,3974
35182,3974
35183,3974
35184,3974
35185,3974
35186,3974
35187,3974
35188,3974
35189,3974
35190,3974
35191,3974
35192,3974
35193,3974
35194,3974
35195,3974
35196,3974
35197,3974
35198,3974
35199,3974
35200,3974
35201,3974
35202,3974
35203,3974
35204,3974
35205,3974
35206,3974
35207,3974
35208,3974
35209,3974
35210,3974
35211,3974
35212,3974
35213,3974
35214,3974
35215,3974
35216,3974
35217,3974
35218,3974
35219,3974
35220,3974
35221,3974
35222,3974
35223,3975
35224,3975
35225,3975
35226,3975
35227,3975
35228,3975
35229,3975
35230,3975
35231,3975
35232,3975
35233,3975
35234,3975
35235,3975
35236,3975
35237,3975
35238,3975
35239,3975
35240,3975
35241,3975
35242,3975
35243,3975
35244,3975
35245,3975
35246,3975
35247,3975
35248,3975
35249,3978
35250,3978
35251,3978
35252,3978
35253,3978
35254,3978
35255,3978
35256,3978
35257,3978
35258,3978
35259,3978
35260,3978
35261,3978
35262,3978
35263,3978
35264,3978
35265,3978
35266,3978
35267,3978
35268,3978
35269,3978
35270,3978
35271,3978
35272,3978
35273,3978
35274,3978
35275,3978
35276,3978
35277,3978
35278,3978
35279,3978
35280,3978
35281,3978
35282,3978
35283,3978
35284,3978
35285,3978
35286,3979
35287,3979
35288,3979
35289,3979
35290,3979
35291,3979
35292,3979
35293,3979
35294,3979
35295,3979
35296,3979
35297,3979
35298,3979
35299,3979
35300,3979
35301,3979
35302,3979
35303,3979
35304,3979
35305,3979
35306,3979
35307,3979
35308,3979
35309,3979
35310,3979
35311,3979
35312,3979
35313,3979
35314,3979
35315,3979
35316,3979
35317,3979
35318,3979
35319,3979
35320,3979
35321,3979
35322,3979
35323,3979
35324,3979
35325,3979
35326,3979
35327,3979
35328,3979
35329,3979
35330,3979
35331,3979
35332,3979
35333,3979
35334,3979
35335,3979
35336,3979
35337,3979
35338,3979
35339,3979
35340,3979
35341,3979
35342,3979
35343,3979
35344,3979
35345,3979
35346,3979
35347,3979
35348,3979
35349,3979
35350,3979
35351,3979
35352,3979
35353,3988
35354,3988
35355,3988
35356,3988
35357,3988
35358,3988
35359,3988
35360,3988
35361,3988
35362,3988
35363,3988
35364,3988
35365,3988
35366,3988
35367,3988
35368,3988
35369,3988
35370,3988
35371,3988
35372,3988
35373,3988
35374,3988
35375,3988
35376,3988
35377,3988
35378,3988
35379,3988
35380,3988
35381,3988
35382,3988
35383,3988
35384,3988
35385,3988
35386,3988
35387,3988
35388,3988
35389,3988
35390,3988
35391,3988
35392,3988
35393,3988
35394,3988
35395,3988
35396,3988
35397,3988
35398,3988
35399,3988
35400,3988
35401,3988
35402,3988
35403,3988
35404,3988
35405,3988
35406,3988
35407,3988
35408,3988
35409,3988
35410,3988
35411,3988
35412,3988
35413,3988
35414,3988
35415,3988
35416,3988
35417,3988
35418,3988
35419,3988
35420,3988
35421,3988
35422,3988
35423,3988
35424,3988
35425,3988
35426,3988
35427,3988
35428,3988
35429,3988
35430,3988
35431,3988
35432,3988
35433,3988
35434,3988
35435,3988
35436,3988
35437,3988
35438,3988
35439,3988
35440,3988
35441,3988
35442,3988
35443,3988
35444,3988
35445,3988
35446,3988
35447,3988
35448,3988
35449,3988
35450,3988
35451,3988
35452,3988
35453,3988
35454,3988
35455,3988
35456,3988
35457,3988
35458,3988
35459,3988
35460,3988
35461,3988
35462,3988
35463,3988
35464,3988
35465,3988
35466,3988
35467,3988
35468,3988
35469,3988
35470,3988
35471,3988
35472,3988
35473,3988
35474,3988
35475,3988
35476,3992
35477,3992
35478,3992
35479,3992
35480,3992
35481,3992
35482,3992
35483,3992
35484,3992
35485,3992
35486,3992
35487,3992
35488,3992
35489,3992
35490,3992
35491,3992
35492,3992
35493,3992
35494,3992
35495,3992
35496,3992
35497,3992
35498,3992
35499,3992
35500,3992
35501,3992
35502,3992
35503,3992
35504,3992
35505,3992
35506,3992
35507,3992
35508,3992
35509,3992
35510,3992
35511,3992
35512,3992
35513,3992
35514,3992
35515,3992
35516,3992
35517,3992
35518,3992
35519,3992
35520,3992
35521,3992
35522,3992
35523,3992
35524,3992
35525,3992
35526,3992
35527,3992
35528,3992
35529,3992
35530,3992
35531,3992
35532,3992
35533,3992
35534,3992
35535,3992
35536,3992
35537,3992
35538,3992
35539,3992
35540,3992
35541,3992
35542,3992
35543,3992
35544,3992
35545,3992
35546,3992
35547,3992
35548,3992
35549,3992
35550,3992
35551,3992
35552,3992
35553,3992
35554,3992
35555,3992
35556,3992
35557,3992
35558,3992
35559,3992
35560,3992
35561,3992
35562,3992
35563,3992
35564,3992
35565,3992
35566,3992
35567,3992
35568,3992
35569,3992
35570,3992
35571,3992
35572,3992
35573,3992
35574,3992
35575,3992
35576,3992
35577,3992
35578,3992
35579,3992
35580,3992
35581,3992
35582,3992
35583,3992
35584,3992
35585,3992
35586,3992
35587,3992
35588,3992
35589,3992
35590,3992
35591,3992
35592,3992
35593,3992
35594,3992
35595,3992
35596,3992
35597,3992
35598,3992
35599,3992
35600,3992
35601,3992
35602,3992
35603,3992
35604,3992
35605,3992
35606,3992
35607,3992
35608,3992
35609,3992
35610,3992
35611,3992
35612,3992
35613,3992
35614,3992
35615,3992
35616,3992
35617,3992
35618,3992
35619,3992
35620,3992
35621,3992
35622,3992
35623,3992
35624,3992
35625,3992
35626,3992
35627,3992
35628,3992
35629,3992
35630,3992
35631,3992
35632,3992
35633,3992
35634,3992
35635,3992
35636,3992
35637,3992
35638,3992
35639,3992
35640,3992
35641,3992
35642,3992
35643,3992
35644,3992
35645,3993
35646,3993
35647,3993
35648,3993
35649,3993
35650,3993
35651,3993
35652,3993
35653,3993
35654,3993
35655,3993
35656,3993
35657,3993
35658,3993
35659,3993
35660,3993
35661,3993
35662,3993
35663,3993
35664,3993
35665,3993
35666,3993
35667,3993
35668,3993
35669,3993
35670,3993
35671,3993
35672,3993
35673,3993
35674,3993
35675,3993
35676,3993
35677,3993
35678,3993
35679,3993
35680,3993
35681,3993
35682,3993
35683,3993
35684,3993
35685,3993
35686,3993
35687,3993
35688,3993
35689,3993
35690,3993
35691,3993
35692,3993
35693,3993
35694,3993
35695,3993
35696,3993
35697,3993
35698,3993
35699,3993
35700,3993
35701,3993
35702,3993
35703,3993
35704,3993
35705,3993
35706,3993
35707,3993
35708,3993
35709,3993
35710,3993
35711,3993
35712,3993
35713,3993
35714,3993
35715,3993
35716,3993
35717,3993
35718,3993
35719,3993
35720,3993
35721,3993
35722,3993
35723,3993
35724,3993
35725,3993
35726,3993
35727,3993
35728,3993
35729,3993
35730,3993
35731,3993
35732,3993
35733,3993
35734,3993
35735,3993
35736,3993
35737,3993
35738,3993
35739,3993
35740,3993
35741,3993
35742,3993
35743,3993
35744,3993
35745,3993
35746,3993
35747,3993
35748,3993
35749,3993
35750,3993
35751,4011
35752,4011
35753,4011
35754,4011
35755,4011
35756,4011
35757,4011
35758,4011
35759,4011
35760,4011
35761,4011
35762,4011
35763,4011
35764,4011
35765,4011
35766,4011
35767,4011
35768,4011
35769,4011
35770,4011
35771,4011
35772,4011
35773,4011
35774,4011
35775,4011
35776,4011
35777,4011
35778,4011
35779,4011
35780,4011
35781,4011
35782,4011
35783,4011
35784,4011
35785,4011
35786,4011
35787,4011
35788,4011
35789,4011
35790,4011
35791,4011
35792,4011
35793,4012
35794,4012
35795,4012
35796,4012
35797,4012
35798,4012
35799,4012
35800,4012
35801,4012
35802,4012
35803,4012
35804,4012
35805,4012
35806,4012
35807,4012
35808,4012
35809,4012
35810,4012
35811,4012
35812,4012
35813,4012
35814,4012
35815,4012
35816,4012
35817,4012
35818,4012
35819,4012
35820,4012
35821,4012
35822,4012
35823,4012
35824,4012
35825,4012
35826,4012
35827,4012
35828,4012
35829,4012
35830,4012
35831,4012
35832,4012
35833,4012
35834,4012
35835,4012
35836,4012
35837,4012
35838,4012
35839,4012
35840,4012
35841,4012
35842,4012
35843,4012
35844,4012
35845,4012
35846,4012
35847,4012
35848,4012
35849,4012
35850,4012
35851,4012
35852,4012
35853,4012
35854,4012
35855,4012
35856,4012
35857,4012
35858,4012
35859,4012
35860,4012
35861,4012
35862,4012
35863,4012
35864,4012
35865,4012
35866,4012
35867,4012
35868,4012
35869,4012
35870,4012
35871,4012
35872,4012
35873,4012
35874,4026
35875,4026
35876,4026
35877,4026
35878,4026
35879,4026
35880,4026
35881,4026
35882,4026
35883,4026
35884,4026
35885,4026
35886,4026
35887,4026
35888,4026
35889,4026
35890,4026
35891,4026
35892,4026
35893,4028
35894,4028
35895,4028
35896,4028
35897,4028
35898,4028
35899,4028
35900,4028
35901,4028
35902,4028
35903,4028
35904,4028
35905,4028
35906,4028
35907,4028
35908,4028
35909,4028
35910,4028
35911,4028
35912,4028
35913,4028
35914,4028
35915,4028
35916,4028
35917,4028
35918,4028
35919,4028
35920,4028
35921,4028
35922,4028
35923,4028
35924,4028
35925,4028
35926,4028
35927,4028
35928,4028
35929,4028
35930,4028
35931,4028
35932,4028
35933,4028
35934,4028
35935,4028
35936,4028
35937,4028
35938,4028
35939,4028
35940,4028
35941,4028
35942,4028
35943,4028
35944,4028
35945,4028
35946,4028
35947,4028
35948,4028
35949,4028
35950,4028
35951,4028
35952,4028
35953,4028
35954,4028
35955,4028
35956,4028
35957,4028
35958,4028
35959,4028
35960,4028
35961,4028
35962,4028
35963,4028
35964,4028
35965,4028
35966,4028
35967,4028
35968,4028
35969,4028
35970,4028
35971,4028
35972,4028
35973,4028
35974,4028
35975,4028
35976,4028
35977,4028
35978,4028
35979,4028
35980,4028
35981,4028
35982,4028
35983,4028
35984,4028
35985,4028
35986,4028
35987,4028
35988,4028
35989,4028
35990,4028
35991,4028
35992,4028
35993,4028
35994,4028
35995,4028
35996,4028
35997,4028
35998,4028
35999,4028
36000,4028
36001,4028
36002,4028
36003,4028
36004,4028
36005,4028
36006,4028
36007,4028
36008,4028
36009,4028
36010,4028
36011,4028
36012,4028
36013,4028
36014,4028
36015,4028
36016,4028
36017,4028
36018,4028
36019,4028
36020,4028
36021,4028
36022,4028
36023,4028
36024,4028
36025,4028
36026,4028
36027,4028
36028,4028
36029,4028
36030,4028
36031,4028
36032,4028
36033,4028
36034,4028
36035,4028
36036,4028
36037,4028
36038,4028
36039,4028
36040,4028
36041,4028
36042,4028
36043,4028
36044,4028
36045,4028
36046,4028
36047,4028
36048,4028
36049,4028
36050,4028
36051,4028
36052,4028
36053,4028
36054,4028
36055,4028
36056,4028
36057,4028
36058,4028
36059,4028
36060,4028
36061,4028
36062,4028
36063,4028
36064,4028
36065,4028
36066,4028
36067,4028
36068,4028
36069,4028
36070,4028
36071,4028
36072,4028
36073,4028
36074,4028
36075,4028
36076,4028
36077,4028
36078,4028
36079,4028
36080,4028
36081,4028
36082,4028
36083,4028
36084,4028
36085,4028
36086,4028
36087,4028
36088,4028
36089,4028
36090,4028
36091,4028
36092,4028
36093,4028
36094,4028
36095,4028
36096,4028
36097,4028
36098,4028
36099,4028
36100,4028
36101,4028
36102,4028
36103,4028
36104,4028
36105,4028
36106,4028
36107,4028
36108,4028
36109,4028
36110,4028
36111,4028
36112,4028
36113,4028
36114,4028
36115,4028
36116,4028
36117,4028
36118,4028
36119,4028
36120,4028
36121,4028
36122,4028
36123,4028
36124,4028
36125,4028
36126,4028
36127,4028
36128,4028
36129,4028
36130,4028
36131,4028
36132,4028
36133,4028
36134,4028
36135,4028
36136,4028
36137,4028
36138,4028
36139,4028
36140,4028
36141,4028
36142,4028
36143,4028
36144,4028
36145,4028
36146,4029
36147,4029
36148,4029
36149,4029
36150,4029
36151,4029
36152,4029
36153,4029
36154,4029
36155,4029
36156,4029
36157,4029
36158,4029
36159,4029
36160,4029
36161,4029
36162,4029
36163,4029
36164,4029
36165,4029
36166,4029
36167,4029
36168,4029
36169,4029
36170,4029
36171,4029
36172,4029
36173,4029
36174,4029
36175,4029
36176,4029
36177,4029
36178,4029
36179,4029
36180,4029
36181,4029
36182,4029
36183,4029
36184,4029
36185,4029
36186,4029
36187,4029
36188,4029
36189,4029
36190,4029
36191,4029
36192,4029
36193,4029
36194,4029
36195,4029
36196,4029
36197,4029
36198,4029
36199,4029
36200,4029
36201,4029
36202,4029
36203,4029
36204,4029
36205,4029
36206,4029
36207,4029
36208,4029
36209,4029
36210,4029
36211,4029
36212,4029
36213,4029
36214,4029
36215,4029
36216,4029
36217,4029
36218,4029
36219,4029
36220,4029
36221,4029
36222,4029
36223,4029
36224,4029
36225,4029
36226,4029
36227,4029
36228,4029
36229,4029
36230,4029
36231,4029
36232,4029
36233,4029
36234,4029
36235,4029
36236,4029
36237,4029
36238,4029
36239,4029
36240,4029
36241,4029
36242,4029
36243,4029
36244,4029
36245,4029
36246,4029
36247,4029
36248,4029
36249,4029
36250,4029
36251,4029
36252,4029
36253,4029
36254,4029
36255,4029
36256,4029
36257,4029
36258,4029
36259,4029
36260,4029
36261,4029
36262,4029
36263,4029
36264,4029
36265,4029
36266,4029
36267,4029
36268,4029
36269,4029
36270,4029
36271,4029
36272,4029
36273,4029
36274,4029
36275,4029
36276,4029
36277,4029
36278,4029
36279,4029
36280,4029
36281,4029
36282,4029
36283,4029
36284,4029
36285,4029
36286,4029
36287,4029
36288,4029
36289,4029
36290,4029
36291,4029
36292,4029
36293,4029
36294,4029
36295,4029
36296,4029
36297,4029
36298,4029
36299,4029
36300,4029
36301,4029
36302,4029
36303,4029
36304,4029
36305,4029
36306,4029
36307,4029
36308,4029
36309,4029
36310,4029
36311,4029
36312,4029
36313,4029
36314,4029
36315,4029
36316,4029
36317,4029
36318,4029
36319,4029
36320,4029
36321,4029
36322,4029
36323,4029
36324,4029
36325,4029
36326,4029
36327,4029
36328,4029
36329,4029
36330,4029
36331,4029
36332,4029
36333,4029
36334,4029
36335,4029
36336,4029
36337,4029
36338,4029
36339,4029
36340,4029
36341,4029
36342,4029
36343,4029
36344,4029
36345,4029
36346,4029
36347,4029
36348,4029
36349,4029
36350,4029
36351,4029
36352,4029
36353,4029
36354,4029
36355,4029
36356,4029
36357,4029
36358,4029
36359,4029
36360,4029
36361,4029
36362,4029
36363,4029
36364,4029
36365,4029
36366,4029
36367,4029
36368,4029
36369,4029
36370,4029
36371,4029
36372,4029
36373,4029
36374,4029
36375,4029
36376,4029
36377,4029
36378,4029
36379,4029
36380,4029
36381,4029
36382,4029
36383,4029
36384,4029
36385,4029
36386,4029
36387,4029
36388,4029
36389,4029
36390,4029
36391,4029
36392,4029
36393,4029
36394,4029
36395,4029
36396,4029
36397,4029
36398,4029
36399,4029
36400,4029
36401,4029
36402,4029
36403,4029
36404,4029
36405,4029
36406,4029
36407,4029
36408,4029
36409,4029
36410,4029
36411,4029
36412,4029
36413,4029
36414,4029
36415,4029
36416,4029
36417,4029
36418,4029
36419,4029
36420,4029
36421,4029
36422,4029
36423,4029
36424,4029
36425,4029
36426,4029
36427,4029
36428,4029
36429,4029
36430,4054
36431,4054
36432,4054
36433,4054
36434,4054
36435,4054
36436,4054
36437,4054
36438,4054
36439,4054
36440,4054
36441,4054
36442,4054
36443,4054
36444,4054
36445,4054
36446,4054
36447,4054
36448,4054
36449,4054
36450,4054
36451,4054
36452,4054
36453,4054
36454,4054
36455,4054
36456,4054
36457,4054
36458,4054
36459,4054
36460,4054
36461,4054
36462,4054
36463,4054
36464,4054
36465,4054
36466,4054
36467,4054
36468,4054
36469,4054
36470,4054
36471,4054
36472,4054
36473,4054
36474,4054
36475,4054
36476,4054
36477,4054
36478,4054
36479,4054
36480,4054
36481,4054
36482,4054
36483,4054
36484,4054
36485,4054
36486,4054
36487,4054
36488,4054
36489,4054
36490,4054
36491,4054
36492,4054
36493,4054
36494,4054
36495,4054
36496,4054
36497,4054
36498,4054
36499,4054
36500,4054
36501,4054
36502,4054
36503,4054
36504,4054
36505,4054
36506,4054
36507,4054
36508,4054
36509,4054
36510,4054
36511,4054
36512,4054
36513,4054
36514,4054
36515,4054
36516,4054
36517,4054
36518,4054
36519,4054
36520,4054
36521,4054
36522,4054
36523,4054
36524,4054
36525,4054
36526,4054
36527,4054
36528,4054
36529,4054
36530,4054
36531,4054
36532,4054
36533,4054
36534,4054
36535,4054
36536,4054
36537,4054
36538,4054
36539,4054
36540,4054
36541,4054
36542,4054
36543,4054
36544,4054
36545,4054
36546,4054
36547,4054
36548,4054
36549,4054
36550,4054
36551,4054
36552,4054
36553,4054
36554,4054
36555,4054
36556,4054
36557,4054
36558,4054
36559,4054
36560,4054
36561,4054
36562,4054
36563,4054
36564,4054
36565,4054
36566,4054
36567,4054
36568,4054
36569,4054
36570,4054
36571,4054
36572,4054
36573,4054
36574,4054
36575,4054
36576,4054
36577,4054
36578,4054
36579,4054
36580,4054
36581,4054
36582,4054
36583,4054
36584,4054
36585,4054
36586,4054
36587,4054
36588,4054
36589,4054
36590,4054
36591,4054
36592,4054
36593,4054
36594,4054
36595,4054
36596,4054
36597,4054
36598,4054
36599,4054
36600,4060
36601,4060
36602,4060
36603,4060
36604,4060
36605,4060
36606,4060
36607,4060
36608,4060
36609,4060
36610,4060
36611,4060
36612,4060
36613,4060
36614,4060
36615,4060
36616,4060
36617,4060
36618,4060
36619,4060
36620,4060
36621,4060
36622,4060
36623,4060
36624,4060
36625,4060
36626,4060
36627,4060
36628,4060
36629,4060
36630,4060
36631,4060
36632,4060
36633,4060
36634,4060
36635,4060
36636,4060
36637,4060
36638,4060
36639,4060
36640,4060
36641,4060
36642,4060
36643,4060
36644,4060
36645,4060
36646,4060
36647,4060
36648,4060
36649,4060
36650,4060
36651,4060
36652,4064
36653,4064
36654,4064
36655,4064
36656,4064
36657,4064
36658,4064
36659,4064
36660,4064
36661,4064
36662,4064
36663,4064
36664,4064
36665,4064
36666,4064
36667,4064
36668,4064
36669,4064
36670,4064
36671,4064
36672,4064
36673,4064
36674,4064
36675,4064
36676,4064
36677,4064
36678,4064
36679,4064
36680,4064
36681,4064
36682,4064
36683,4064
36684,4064
36685,4064
36686,4064
36687,4064
36688,4064
36689,4064
36690,4064
36691,4064
36692,4064
36693,4064
36694,4064
36695,4064
36696,4064
36697,4064
36698,4064
36699,4064
36700,4064
36701,4064
36702,4064
36703,4064
36704,4064
36705,4064
36706,4064
36707,4064
36708,4064
36709,4064
36710,4064
36711,4064
36712,4064
36713,4064
36714,4064
36715,4064
36716,4064
36717,4064
36718,4064
36719,4064
36720,4064
36721,4064
36722,4064
36723,4064
36724,4064
36725,4064
36726,4064
36727,4064
36728,4064
36729,4064
36730,4064
36731,4064
36732,4064
36733,4064
36734,4064
36735,4064
36736,4064
36737,4064
36738,4064
36739,4064
36740,4064
36741,4064
36742,4064
36743,4064
36744,4064
36745,4064
36746,4064
36747,4064
36748,4064
36749,4064
36750,4064
36751,4064
36752,4064
36753,4064
36754,4064
36755,4064
36756,4064
36757,4064
36758,4064
36759,4064
36760,4064
36761,4064
36762,4064
36763,4064
36764,4064
36765,4064
36766,4064
36767,4064
36768,4064
36769,4064
36770,4064
36771,4064
36772,4064
36773,4064
36774,4064
36775,4064
36776,4064
36777,4064
36778,4064
36779,4064
36780,4064
36781,4064
36782,4064
36783,4064
36784,4064
36785,4064
36786,4064
36787,4064
36788,4064
36789,4064
36790,4064
36791,4064
36792,4064
36793,4064
36794,4064
36795,4064
36796,4064
36797,4064
36798,4064
36799,4064
36800,4064
36801,4064
36802,4064
36803,4064
36804,4064
36805,4064
36806,4064
36807,4064
36808,4064
36809,4064
36810,4064
36811,4064
36812,4064
36813,4064
36814,4064
36815,4064
36816,4064
36817,4064
36818,4064
36819,4064
36820,4064
36821,4064
36822,4064
36823,4064
36824,4064
36825,4064
36826,4064
36827,4064
36828,4064
36829,4064
36830,4064
36831,4064
36832,4064
36833,4064
36834,4064
36835,4064
36836,4064
36837,4064
36838,4064
36839,4064
36840,4064
36841,4064
36842,4064
36843,4064
36844,4064
36845,4064
36846,4064
36847,4064
36848,4064
36849,4064
36850,4064
36851,4064
36852,4064
36853,4064
36854,4064
36855,4064
36856,4064
36857,4064
36858,4064
36859,4064
36860,4064
36861,4064
36862,4064
36863,4064
36864,4064
36865,4064
36866,4064
36867,4064
36868,4064
36869,4064
36870,4064
36871,4064
36872,4064
36873,4064
36874,4064
36875,4064
36876,4064
36877,4064
36878,4064
36879,4064
36880,4064
36881,4064
36882,4064
36883,4064
36884,4064
36885,4071
36886,4071
36887,4071
36888,4071
36889,4071
36890,4071
36891,4071
36892,4071
36893,4071
36894,4071
36895,4071
36896,4071
36897,4071
36898,4071
36899,4071
36900,4071
36901,4071
36902,4071
36903,4071
36904,4071
36905,4071
36906,4071
36907,4071
36908,4071
36909,4071
36910,4071
36911,4071
36912,4071
36913,4071
36914,4071
36915,4071
36916,4071
36917,4071
36918,4071
36919,4071
36920,4071
36921,4071
36922,4071
36923,4071
36924,4071
36925,4071
36926,4071
36927,4071
36928,4071
36929,4071
36930,4071
36931,4071
36932,4071
36933,4071
36934,4071
36935,4071
36936,4071
36937,4071
36938,4071
36939,4071
36940,4071
36941,4071
36942,4071
36943,4071
36944,4071
36945,4071
36946,4071
36947,4071
36948,4071
36949,4071
36950,4071
36951,4071
36952,4071
36953,4071
36954,4071
36955,4071
36956,4071
36957,4071
36958,4071
36959,4071
36960,4071
36961,4071
36962,4071
36963,4071
36964,4071
36965,4071
36966,4071
36967,4071
36968,4071
36969,4071
36970,4071
36971,4071
36972,4071
36973,4071
36974,4071
36975,4071
36976,4071
36977,4071
36978,4071
36979,4071
36980,4097
36981,4097
36982,4097
36983,4097
36984,4097
36985,4097
36986,4097
36987,4097
36988,4097
36989,4097
36990,4097
36991,4097
36992,4097
36993,4097
36994,4097
36995,4097
36996,4097
36997,4097
36998,4097
36999,4097
37000,4097
37001,4097
37002,4097
37003,4097
37004,4097
37005,4097
37006,4097
37007,4097
37008,4097
37009,4097
37010,4097
37011,4097
37012,4097
37013,4097
37014,4097
37015,4097
37016,4097
37017,4097
37018,4097
37019,4097
37020,4097
37021,4097
37022,4097
37023,4097
37024,4097
37025,4097
37026,4097
37027,4097
37028,4097
37029,4097
37030,4097
37031,4097
37032,4097
37033,4097
37034,4097
37035,4097
37036,4097
37037,4097
37038,4097
37039,4110
37040,4110
37041,4110
37042,4110
37043,4110
37044,4110
37045,4110
37046,4110
37047,4110
37048,4110
37049,4110
37050,4110
37051,4110
37052,4110
37053,4110
37054,4110
37055,4110
37056,4110
37057,4110
37058,4110
37059,4110
37060,4110
37061,4110
37062,4110
37063,4110
37064,4110
37065,4110
37066,4110
37067,4110
37068,4110
37069,4110
37070,4110
37071,4112
37072,4112
37073,4112
37074,4112
37075,4112
37076,4112
37077,4112
37078,4112
37079,4112
37080,4112
37081,4112
37082,4112
37083,4112
37084,4112
37085,4112
37086,4112
37087,4112
37088,4112
37089,4112
37090,4112
37091,4112
37092,4112
37093,4112
37094,4112
37095,4112
37096,4112
37097,4112
37098,4112
37099,4112
37100,4112
37101,4112
37102,4112
37103,4112
37104,4112
37105,4112
37106,4112
37107,4112
37108,4112
37109,4112
37110,4112
37111,4112
37112,4112
37113,4112
37114,4112
37115,4112
37116,4112
37117,4112
37118,4112
37119,4112
37120,4112
37121,4112
37122,4112
37123,4112
37124,4112
37125,4112
37126,4112
37127,4112
37128,4112
37129,4112
37130,4112
37131,4112
37132,4112
37133,4112
37134,4112
37135,4112
37136,4112
37137,4112
37138,4112
37139,4112
37140,4112
37141,4112
37142,4112
37143,4112
37144,4112
37145,4112
37146,4112
37147,4112
37148,4112
37149,4112
37150,4114
37151,4114
37152,4114
37153,4114
37154,4114
37155,4114
37156,4114
37157,4114
37158,4114
37159,4114
37160,4114
37161,4114
37162,4114
37163,4114
37164,4114
37165,4114
37166,4114
37167,4114
37168,4114
37169,4114
37170,4114
37171,4114
37172,4114
37173,4114
37174,4114
37175,4114
37176,4114
37177,4114
37178,4114
37179,4114
37180,4114
37181,4114
37182,4114
37183,4114
37184,4114
37185,4114
37186,4114
37187,4114
37188,4114
37189,4114
37190,4114
37191,4114
37192,4114
37193,4114
37194,4114
37195,4114
37196,4114
37197,4114
37198,4114
37199,4114
37200,4114
37201,4114
37202,4114
37203,4114
37204,4114
37205,4114
37206,4114
37207,4114
37208,4114
37209,4114
37210,4114
37211,4114
37212,4114
37213,4114
37214,4114
37215,4114
37216,4114
37217,4114
37218,4114
37219,4114
37220,4114
37221,4114
37222,4114
37223,4114
37224,4114
37225,4114
37226,4114
37227,4114
37228,4114
37229,4114
37230,4114
37231,4114
37232,4114
37233,4114
37234,4114
37235,4114
37236,4114
37237,4114
37238,4114
37239,4114
37240,4114
37241,4114
37242,4114
37243,4114
37244,4114
37245,4114
37246,4114
37247,4114
37248,4114
37249,4114
37250,4114
37251,4114
37252,4114
37253,4114
37254,4114
37255,4114
37256,4114
37257,4114
37258,4114
37259,4114
37260,4114
37261,4114
37262,4114
37263,4114
37264,4114
37265,4114
37266,4114
37267,4114
37268,4114
37269,4114
37270,4114
37271,4114
37272,4114
37273,4114
37274,4114
37275,4114
37276,4114
37277,4114
37278,4114
37279,4114
37280,4114
37281,4114
37282,4114
37283,4114
37284,4114
37285,4114
37286,4114
37287,4114
37288,4114
37289,4114
37290,4114
37291,4114
37292,4114
37293,4116
37294,4116
37295,4116
37296,4116
37297,4116
37298,4116
37299,4116
37300,4116
37301,4116
37302,4116
37303,4116
37304,4116
37305,4116
37306,4116
37307,4116
37308,4116
37309,4116
37310,4116
37311,4116
37312,4116
37313,4116
37314,4116
37315,4116
37316,4116
37317,4116
37318,4116
37319,4116
37320,4116
37321,4116
37322,4116
37323,4116
37324,4116
37325,4116
37326,4116
37327,4116
37328,4116
37329,4116
37330,4116
37331,4116
37332,4116
37333,4116
37334,4116
37335,4116
37336,4116
37337,4116
37338,4116
37339,4116
37340,4116
37341,4116
37342,4116
37343,4116
37344,4116
37345,4116
37346,4116
37347,4116
37348,4116
37349,4116
37350,4116
37351,4116
37352,4116
37353,4116
37354,4116
37355,4116
37356,4116
37357,4116
37358,4116
37359,4116
37360,4116
37361,4116
37362,4116
37363,4116
37364,4116
37365,4116
37366,4116
37367,4116
37368,4116
37369,4116
37370,4116
37371,4116
37372,4116
37373,4116
37374,4116
37375,4116
37376,4116
37377,4116
37378,4116
37379,4116
37380,4116
37381,4116
37382,4116
37383,4116
37384,4116
37385,4116
37386,4116
37387,4116
37388,4116
37389,4116
37390,4116
37391,4116
37392,4116
37393,4116
37394,4116
37395,4116
37396,4116
37397,4116
37398,4116
37399,4116
37400,4116
37401,4116
37402,4116
37403,4116
37404,4116
37405,4116
37406,4116
37407,4116
37408,4116
37409,4116
37410,4116
37411,4116
37412,4116
37413,4116
37414,4116
37415,4116
37416,4116
37417,4116
37418,4116
37419,4116
37420,4116
37421,4116
37422,4116
37423,4116
37424,4116
37425,4116
37426,4116
37427,4116
37428,4116
37429,4116
37430,4116
37431,4116
37432,4116
37433,4116
37434,4116
37435,4116
37436,4116
37437,4116
37438,4116
37439,4116
37440,4116
37441,4116
37442,4116
37443,4116
37444,4116
37445,4116
37446,4116
37447,4116
37448,4116
37449,4116
37450,4116
37451,4116
37452,4116
37453,4116
37454,4116
37455,4116
37456,4116
37457,4116
37458,4116
37459,4116
37460,4116
37461,4116
37462,4116
37463,4116
37464,4116
37465,4116
37466,4116
37467,4116
37468,4116
37469,4116
37470,4116
37471,4116
37472,4116
37473,4116
37474,4116
37475,4116
37476,4116
37477,4116
37478,4116
37479,4116
37480,4116
37481,4116
37482,4116
37483,4116
37484,4116
37485,4116
37486,4116
37487,4116
37488,4116
37489,4116
37490,4116
37491,4116
37492,4116
37493,4116
37494,4116
37495,4116
37496,4116
37497,4116
37498,4116
37499,4116
37500,4116
37501,4116
37502,4116
37503,4116
37504,4116
37505,4116
37506,4116
37507,4116
37508,4116
37509,4116
37510,4116
37511,4116
37512,4116
37513,4116
37514,4116
37515,4116
37516,4116
37517,4116
37518,4116
37519,4116
37520,4116
37521,4116
37522,4116
37523,4116
37524,4116
37525,4116
37526,4116
37527,4116
37528,4116
37529,4116
37530,4116
37531,4116
37532,4116
37533,4116
37534,4116
37535,4116
37536,4116
37537,4116
37538,4116
37539,4116
37540,4116
37541,4116
37542,4116
37543,4116
37544,4116
37545,4116
37546,4116
37547,4116
37548,4116
37549,4116
37550,4116
37551,4116
37552,4116
37553,4116
37554,4116
37555,4116
37556,4116
37557,4116
37558,4116
37559,4116
37560,4116
37561,4116
37562,4116
37563,4116
37564,4116
37565,4116
37566,4116
37567,4116
37568,4116
37569,4116
37570,4116
37571,4116
37572,4116
37573,4116
37574,4116
37575,4116
37576,4116
37577,4116
37578,4116
37579,4116
37580,4116
37581,4116
37582,4116
37583,4116
37584,4116
37585,4116
37586,4116
37587,4116
37588,4116
37589,4116
37590,4116
37591,4116
37592,4116
37593,4116
37594,4116
37595,4116
37596,4116
37597,4116
37598,4116
37599,4116
37600,4116
37601,4116
37602,4116
37603,4116
37604,4116
37605,4116
37606,4116
37607,4116
37608,4116
37609,4116
37610,4116
37611,4116
37612,4116
37613,4116
37614,4116
37615,4116
37616,4116
37617,4116
37618,4116
37619,4116
37620,4116
37621,4116
37622,4116
37623,4116
37624,4116
37625,4116
37626,4116
37627,4116
37628,4116
37629,4116
37630,4116
37631,4116
37632,4116
37633,4116
37634,4116
37635,4116
37636,4116
37637,4116
37638,4116
37639,4116
37640,4116
37641,4116
37642,4116
37643,4116
37644,4116
37645,4116
37646,4116
37647,4116
37648,4116
37649,4116
37650,4116
37651,4116
37652,4116
37653,4116
37654,4116
37655,4116
37656,4116
37657,4116
37658,4116
37659,4116
37660,4116
37661,4116
37662,4116
37663,4116
37664,4116
37665,4116
37666,4116
37667,4116
37668,4116
37669,4116
37670,4116
37671,4116
37672,4122
37673,4122
37674,4122
37675,4122
37676,4122
37677,4122
37678,4122
37679,4122
37680,4122
37681,4122
37682,4122
37683,4122
37684,4122
37685,4122
37686,4122
37687,4122
37688,4122
37689,4122
37690,4122
37691,4122
37692,4122
37693,4122
37694,4122
37695,4122
37696,4122
37697,4122
37698,4122
37699,4122
37700,4122
37701,4122
37702,4122
37703,4122
37704,4122
37705,4122
37706,4122
37707,4122
37708,4122
37709,4122
37710,4122
37711,4122
37712,4122
37713,4122
37714,4122
37715,4122
37716,4122
37717,4122
37718,4122
37719,4122
37720,4122
37721,4122
37722,4122
37723,4122
37724,4122
37725,4122
37726,4122
37727,4122
37728,4122
37729,4122
37730,4122
37731,4122
37732,4122
37733,4122
37734,4122
37735,4122
37736,4122
37737,4122
37738,4122
37739,4122
37740,4122
37741,4122
37742,4122
37743,4122
37744,4122
37745,4122
37746,4122
37747,4122
37748,4122
37749,4122
37750,4122
37751,4122
37752,4122
37753,4122
37754,4122
37755,4122
37756,4122
37757,4122
37758,4122
37759,4122
37760,4122
37761,4122
37762,4122
37763,4122
37764,4122
37765,4122
37766,4122
37767,4122
37768,4122
37769,4122
37770,4122
37771,4122
37772,4122
37773,4122
37774,4122
37775,4122
37776,4122
37777,4122
37778,4122
37779,4122
37780,4122
37781,4122
37782,4122
37783,4122
37784,4122
37785,4122
37786,4122
37787,4122
37788,4122
37789,4122
37790,4122
37791,4122
37792,4122
37793,4122
37794,4122
37795,4122
37796,4122
37797,4122
37798,4122
37799,4122
37800,4122
37801,4122
37802,4122
37803,4122
37804,4122
37805,4122
37806,4122
37807,4122
37808,4122
37809,4122
37810,4122
37811,4122
37812,4122
37813,4122
37814,4122
37815,4122
37816,4122
37817,4122
37818,4122
37819,4122
37820,4122
37821,4122
37822,4122
37823,4122
37824,4122
37825,4122
37826,4122
37827,4122
37828,4122
37829,4122
37830,4122
37831,4122
37832,4122
37833,4122
37834,4122
37835,4122
37836,4122
37837,4122
37838,4122
37839,4122
37840,4122
37841,4122
37842,4122
37843,4122
37844,4122
37845,4122
37846,4122
37847,4122
37848,4122
37849,4122
37850,4122
37851,4122
37852,4122
37853,4122
37854,4122
37855,4122
37856,4122
37857,4122
37858,4122
37859,4122
37860,4122
37861,4122
37862,4122
37863,4122
37864,4122
37865,4122
37866,4122
37867,4122
37868,4122
37869,4122
37870,4122
37871,4122
37872,4122
37873,4122
37874,4122
37875,4122
37876,4122
37877,4122
37878,4122
37879,4122
37880,4122
37881,4122
37882,4122
37883,4122
37884,4122
37885,4122
37886,4122
37887,4122
37888,4122
37889,4122
37890,4122
37891,4122
37892,4122
37893,4122
37894,4122
37895,4122
37896,4122
37897,4122
37898,4122
37899,4122
37900,4122
37901,4122
37902,4122
37903,4122
37904,4122
37905,4122
37906,4122
37907,4122
37908,4122
37909,4122
37910,4122
37911,4122
37912,4122
37913,4122
37914,4122
37915,4122
37916,4122
37917,4122
37918,4122
37919,4122
37920,4122
37921,4122
37922,4122
37923,4122
37924,4122
37925,4122
37926,4122
37927,4122
37928,4122
37929,4122
37930,4122
37931,4122
37932,4122
37933,4122
37934,4122
37935,4122
37936,4122
37937,4122
37938,4122
37939,4122
37940,4122
37941,4122
37942,4122
37943,4122
37944,4122
37945,4122
37946,4122
37947,4122
37948,4122
37949,4122
37950,4122
37951,4122
37952,4122
37953,4122
37954,4122
37955,4122
37956,4122
37957,4122
37958,4122
37959,4122
37960,4122
37961,4122
37962,4122
37963,4122
37964,4122
37965,4122
37966,4122
37967,4122
37968,4122
37969,4122
37970,4122
37971,4122
37972,4122
37973,4122
37974,4122
37975,4122
37976,4122
37977,4122
37978,4122
37979,4122
37980,4122
37981,4122
37982,4122
37983,4122
37984,4122
37985,4122
37986,4122
37987,4122
37988,4122
37989,4122
37990,4122
37991,4122
37992,4122
37993,4122
37994,4122
37995,4122
37996,4122
37997,4122
37998,4122
37999,4122
38000,4122
38001,4122
38002,4122
38003,4122
38004,4213
38005,4213
38006,4213
38007,4213
38008,4213
38009,4213
38010,4213
38011,4213
38012,4213
38013,4213
38014,4213
38015,4213
38016,4213
38017,4213
38018,4213
38019,4213
38020,4213
38021,4213
38022,4213
38023,4213
38024,4213
38025,4213
38026,4213
38027,4213
38028,4213
38029,4213
38030,4213
38031,4213
38032,4213
38033,4213
38034,4213
38035,4213
38036,4213
38037,4213
38038,4213
38039,4213
38040,4213
38041,4213
38042,4213
38043,4213
38044,4213
38045,4213
38046,4213
38047,4213
38048,4213
38049,4213
38050,4213
38051,4213
38052,4213
38053,4213
38054,4213
38055,4213
38056,4213
38057,4213
38058,4213
38059,4213
38060,4213
38061,4213
38062,4213
38063,4213
38064,4215
38065,4215
38066,4215
38067,4215
38068,4215
38069,4215
38070,4215
38071,4215
38072,4215
38073,4215
38074,4215
38075,4215
38076,4215
38077,4215
38078,4215
38079,4215
38080,4215
38081,4215
38082,4215
38083,4215
38084,4215
38085,4215
38086,4215
38087,4215
38088,4215
38089,4215
38090,4215
38091,4215
38092,4215
38093,4215
38094,4215
38095,4215
38096,4215
38097,4215
38098,4215
38099,4215
38100,4215
38101,4215
38102,4215
38103,4215
38104,4215
38105,4215
38106,4215
38107,4215
38108,4215
38109,4215
38110,4215
38111,4215
38112,4215
38113,4215
38114,4215
38115,4215
38116,4215
38117,4215
38118,4215
38119,4215
38120,4215
38121,4215
38122,4215
38123,4215
38124,4215
38125,4215
38126,4215
38127,4215
38128,4215
38129,4215
38130,4216
38131,4216
38132,4216
38133,4216
38134,4216
38135,4216
38136,4216
38137,4216
38138,4216
38139,4216
38140,4216
38141,4216
38142,4216
38143,4216
38144,4216
38145,4216
38146,4216
38147,4216
38148,4216
38149,4216
38150,4216
38151,4216
38152,4216
38153,4216
38154,4216
38155,4216
38156,4216
38157,4216
38158,4216
38159,4216
38160,4216
38161,4216
38162,4216
38163,4216
38164,4216
38165,4216
38166,4216
38167,4216
38168,4216
38169,4216
38170,4216
38171,4216
38172,4216
38173,4216
38174,4216
38175,4216
38176,4216
38177,4216
38178,4216
38179,4216
38180,4216
38181,4216
38182,4216
38183,4216
38184,4216
38185,4216
38186,4216
38187,4216
38188,4216
38189,4216
38190,4216
38191,4216
38192,4216
38193,4216
38194,4216
38195,4216
38196,4216
38197,4216
38198,4216
38199,4216
38200,4216
38201,4216
38202,4216
38203,4216
38204,4216
38205,4216
38206,4216
38207,4216
38208,4216
38209,4216
38210,4216
38211,4216
38212,4216
38213,4216
38214,4216
38215,4216
38216,4216
38217,4216
38218,4216
38219,4216
38220,4216
38221,4216
38222,4216
38223,4216
38224,4216
38225,4216
38226,4216
38227,4216
38228,4216
38229,4216
38230,4216
38231,4216
38232,4216
38233,4216
38234,4216
38235,4216
38236,4216
38237,4216
38238,4216
38239,4216
38240,4216
38241,4216
38242,4216
38243,4216
38244,4216
38245,4216
38246,4216
38247,4216
38248,4216
38249,4216
38250,4216
38251,4216
38252,4216
38253,4216
38254,4216
38255,4216
38256,4216
38257,4216
38258,4216
38259,4216
38260,4216
38261,4216
38262,4216
38263,4216
38264,4216
38265,4216
38266,4216
38267,4216
38268,4216
38269,4216
38270,4216
38271,4216
38272,4216
38273,4216
38274,4216
38275,4216
38276,4216
38277,4216
38278,4216
38279,4216
38280,4216
38281,4216
38282,4216
38283,4216
38284,4216
38285,4216
38286,4216
38287,4216
38288,4216
38289,4216
38290,4216
38291,4216
38292,4216
38293,4216
38294,4216
38295,4216
38296,4216
38297,4216
38298,4216
38299,4216
38300,4216
38301,4216
38302,4216
38303,4216
38304,4216
38305,4216
38306,4216
38307,4216
38308,4216
38309,4216
38310,4216
38311,4216
38312,4216
38313,4216
38314,4216
38315,4216
38316,4216
38317,4216
38318,4216
38319,4216
38320,4216
38321,4216
38322,4216
38323,4216
38324,4216
38325,4216
38326,4216
38327,4216
38328,4216
38329,4216
38330,4216
38331,4216
38332,4216
38333,4216
38334,4216
38335,4216
38336,4216
38337,4216
38338,4216
38339,4216
38340,4216
38341,4216
38342,4216
38343,4216
38344,4216
38345,4216
38346,4216
38347,4216
38348,4216
38349,4216
38350,4216
38351,4216
38352,4216
38353,4216
38354,4216
38355,4216
38356,4216
38357,4216
38358,4216
38359,4216
38360,4216
38361,4216
38362,4216
38363,4216
38364,4216
38365,4216
38366,4216
38367,4217
38368,4217
38369,4217
38370,4217
38371,4217
38372,4217
38373,4217
38374,4217
38375,4217
38376,4217
38377,4217
38378,4217
38379,4217
38380,4217
38381,4217
38382,4217
38383,4217
38384,4217
38385,4217
38386,4217
38387,4217
38388,4217
38389,4217
38390,4217
38391,4217
38392,4217
38393,4217
38394,4217
38395,4217
38396,4217
38397,4217
38398,4217
38399,4217
38400,4217
38401,4217
38402,4217
38403,4217
38404,4217
38405,4217
38406,4217
38407,4217
38408,4217
38409,4217
38410,4217
38411,4217
38412,4217
38413,4217
38414,4217
38415,4217
38416,4217
38417,4217
38418,4217
38419,4217
38420,4217
38421,4217
38422,4217
38423,4217
38424,4217
38425,4217
38426,4217
38427,4217
38428,4217
38429,4217
38430,4217
38431,4217
38432,4217
38433,4217
38434,4217
38435,4217
38436,4217
38437,4217
38438,4217
38439,4217
38440,4217
38441,4217
38442,4217
38443,4217
38444,4217
38445,4217
38446,4217
38447,4217
38448,4217
38449,4217
38450,4217
38451,4217
38452,4217
38453,4217
38454,4217
38455,4217
38456,4217
38457,4217
38458,4217
38459,4217
38460,4217
38461,4217
38462,4217
38463,4217
38464,4217
38465,4217
38466,4217
38467,4217
38468,4217
38469,4217
38470,4217
38471,4217
38472,4217
38473,4217
38474,4217
38475,4217
38476,4217
38477,4217
38478,4217
38479,4217
38480,4217
38481,4217
38482,4217
38483,4217
38484,4217
38485,4217
38486,4217
38487,4217
38488,4217
38489,4217
38490,4217
38491,4217
38492,4217
38493,4217
38494,4217
38495,4217
38496,4217
38497,4217
38498,4217
38499,4217
38500,4217
38501,4217
38502,4217
38503,4217
38504,4217
38505,4217
38506,4217
38507,4217
38508,4217
38509,4217
38510,4217
38511,4217
38512,4217
38513,4217
38514,4217
38515,4217
38516,4217
38517,4217
38518,4217
38519,4217
38520,4217
38521,4217
38522,4217
38523,4217
38524,4217
38525,4217
38526,4217
38527,4217
38528,4217
38529,4217
38530,4217
38531,4217
38532,4217
38533,4217
38534,4217
38535,4217
38536,4217
38537,4217
38538,4217
38539,4217
38540,4217
38541,4217
38542,4217
38543,4217
38544,4217
38545,4217
38546,4217
38547,4217
38548,4217
38549,4217
38550,4217
38551,4217
38552,4217
38553,4217
38554,4217
38555,4217
38556,4217
38557,4217
38558,4217
38559,4217
38560,4217
38561,4217
38562,4217
38563,4217
38564,4217
38565,4217
38566,4217
38567,4217
38568,4217
38569,4217
38570,4217
38571,4217
38572,4217
38573,4217
38574,4217
38575,4217
38576,4217
38577,4217
38578,4217
38579,4217
38580,4217
38581,4217
38582,4217
38583,4217
38584,4217
38585,4217
38586,4217
38587,4217
38588,4217
38589,4217
38590,4217
38591,4217
38592,4217
38593,4217
38594,4217
38595,4217
38596,4217
38597,4217
38598,4217
38599,4217
38600,4217
38601,4217
38602,4217
38603,4217
38604,4217
38605,4217
38606,4217
38607,4217
38608,4217
38609,4217
38610,4217
38611,4217
38612,4217
38613,4217
38614,4217
38615,4217
38616,4217
38617,4217
38618,4217
38619,4217
38620,4217
38621,4217
38622,4217
38623,4217
38624,4217
38625,4217
38626,4217
38627,4217
38628,4217
38629,4217
38630,4217
38631,4217
38632,4217
38633,4217
38634,4217
38635,4217
38636,4217
38637,4217
38638,4217
38639,4217
38640,4217
38641,4217
38642,4217
38643,4217
38644,4217
38645,4217
38646,4217
38647,4217
38648,4217
38649,4217
38650,4217
38651,4217
38652,4217
38653,4217
38654,4217
38655,4217
38656,4217
38657,4217
38658,4217
38659,4217
38660,4217
38661,4217
38662,4217
38663,4217
38664,4217
38665,4217
38666,4217
38667,4217
38668,4217
38669,4217
38670,4217
38671,4217
38672,4217
38673,4217
38674,4217
38675,4217
38676,4217
38677,4217
38678,4217
38679,4217
38680,4217
38681,4217
38682,4217
38683,4217
38684,4217
38685,4217
38686,4217
38687,4217
38688,4217
38689,4217
38690,4217
38691,4217
38692,4217
38693,4217
38694,4217
38695,4217
38696,4217
38697,4217
38698,4217
38699,4217
38700,4217
38701,4217
38702,4217
38703,4217
38704,4217
38705,4217
38706,4217
38707,4217
38708,4217
38709,4217
38710,4217
38711,4217
38712,4217
38713,4217
38714,4217
38715,4217
38716,4217
38717,4217
38718,4217
38719,4217
38720,4217
38721,4217
38722,4217
38723,4217
38724,4217
38725,4217
38726,4217
38727,4217
38728,4217
38729,4217
38730,4217
38731,4217
38732,4217
38733,4217
38734,4217
38735,4217
38736,4217
38737,4217
38738,4221
38739,4221
38740,4221
38741,4221
38742,4221
38743,4221
38744,4221
38745,4221
38746,4221
38747,4221
38748,4221
38749,4221
38750,4221
38751,4221
38752,4221
38753,4221
38754,4221
38755,4221
38756,4221
38757,4221
38758,4221
38759,4221
38760,4221
38761,4221
38762,4221
38763,4221
38764,4221
38765,4221
38766,4221
38767,4221
38768,4221
38769,4221
38770,4221
38771,4221
38772,4221
38773,4221
38774,4221
38775,4221
38776,4221
38777,4221
38778,4221
38779,4221
38780,4221
38781,4221
38782,4221
38783,4221
38784,4221
38785,4221
38786,4221
38787,4221
38788,4221
38789,4221
38790,4221
38791,4221
38792,4221
38793,4221
38794,4221
38795,4221
38796,4221
38797,4221
38798,4221
38799,4221
38800,4221
38801,4221
38802,4221
38803,4221
38804,4221
38805,4221
38806,4221
38807,4221
38808,4221
38809,4221
38810,4221
38811,4221
38812,4221
38813,4221
38814,4221
38815,4221
38816,4221
38817,4221
38818,4221
38819,4221
38820,4221
38821,4221
38822,4221
38823,4221
38824,4221
38825,4221
38826,4221
38827,4221
38828,4221
38829,4221
38830,4221
38831,4221
38832,4221
38833,4221
38834,4221
38835,4221
38836,4221
38837,4221
38838,4221
38839,4221
38840,4221
38841,4221
38842,4221
38843,4221
38844,4221
38845,4221
38846,4221
38847,4221
38848,4221
38849,4221
38850,4221
38851,4221
38852,4221
38853,4221
38854,4221
38855,4221
38856,4221
38857,4221
38858,4221
38859,4221
38860,4221
38861,4221
38862,4221
38863,4221
38864,4221
38865,4221
38866,4221
38867,4221
38868,4221
38869,4221
38870,4221
38871,4221
38872,4221
38873,4221
38874,4221
38875,4221
38876,4221
38877,4221
38878,4221
38879,4221
38880,4221
38881,4221
38882,4221
38883,4221
38884,4221
38885,4221
38886,4221
38887,4221
38888,4221
38889,4221
38890,4221
38891,4221
38892,4221
38893,4221
38894,4221
38895,4221
38896,4221
38897,4221
38898,4221
38899,4221
38900,4221
38901,4221
38902,4221
38903,4221
38904,4221
38905,4221
38906,4221
38907,4221
38908,4221
38909,4221
38910,4221
38911,4221
38912,4221
38913,4221
38914,4221
38915,4221
38916,4221
38917,4221
38918,4221
38919,4221
38920,4221
38921,4221
38922,4221
38923,4221
38924,4221
38925,4221
38926,4221
38927,4221
38928,4221
38929,4221
38930,4221
38931,4221
38932,4221
38933,4221
38934,4221
38935,4221
38936,4221
38937,4221
38938,4221
38939,4221
38940,4221
38941,4221
38942,4221
38943,4221
38944,4221
38945,4221
38946,4221
38947,4221
38948,4221
38949,4221
38950,4221
38951,4221
38952,4221
38953,4221
38954,4221
38955,4221
38956,4221
38957,4221
38958,4221
38959,4221
38960,4221
38961,4221
38962,4221
38963,4221
38964,4221
38965,4221
38966,4221
38967,4221
38968,4221
38969,4221
38970,4221
38971,4221
38972,4221
38973,4221
38974,4221
38975,4221
38976,4221
38977,4221
38978,4221
38979,4221
38980,4221
38981,4221
38982,4221
38983,4221
38984,4221
38985,4221
38986,4221
38987,4221
38988,4221
38989,4221
38990,4221
38991,4221
38992,4221
38993,4221
38994,4221
38995,4221
38996,4221
38997,4221
38998,4221
38999,4221
39000,4221
39001,4221
39002,4221
39003,4221
39004,4221
39005,4221
39006,4223
39007,4223
39008,4223
39009,4223
39010,4223
39011,4223
39012,4223
39013,4223
39014,4223
39015,4223
39016,4223
39017,4223
39018,4223
39019,4223
39020,4223
39021,4223
39022,4223
39023,4223
39024,4223
39025,4223
39026,4223
39027,4223
39028,4223
39029,4223
39030,4223
39031,4223
39032,4223
39033,4223
39034,4223
39035,4223
39036,4223
39037,4223
39038,4223
39039,4223
39040,4223
39041,4223
39042,4223
39043,4223
39044,4223
39045,4223
39046,4223
39047,4223
39048,4223
39049,4223
39050,4223
39051,4223
39052,4223
39053,4223
39054,4223
39055,4223
39056,4223
39057,4223
39058,4223
39059,4223
39060,4223
39061,4223
39062,4223
39063,4223
39064,4223
39065,4223
39066,4223
39067,4223
39068,4223
39069,4223
39070,4223
39071,4223
39072,4223
39073,4223
39074,4223
39075,4223
39076,4223
39077,4223
39078,4223
39079,4223
39080,4223
39081,4223
39082,4223
39083,4223
39084,4223
39085,4223
39086,4223
39087,4223
39088,4223
39089,4223
39090,4223
39091,4223
39092,4223
39093,4223
39094,4223
39095,4225
39096,4225
39097,4225
39098,4225
39099,4225
39100,4225
39101,4225
39102,4225
39103,4225
39104,4225
39105,4225
39106,4225
39107,4225
39108,4225
39109,4225
39110,4225
39111,4225
39112,4225
39113,4225
39114,4225
39115,4225
39116,4225
39117,4225
39118,4225
39119,4225
39120,4225
39121,4225
39122,4225
39123,4225
39124,4225
39125,4225
39126,4225
39127,4225
39128,4225
39129,4225
39130,4225
39131,4225
39132,4225
39133,4225
39134,4225
39135,4225
39136,4225
39137,4225
39138,4225
39139,4225
39140,4225
39141,4225
39142,4225
39143,4225
39144,4225
39145,4225
39146,4225
39147,4225
39148,4225
39149,4225
39150,4225
39151,4225
39152,4225
39153,4225
39154,4225
39155,4225
39156,4225
39157,4225
39158,4225
39159,4225
39160,4225
39161,4225
39162,4225
39163,4225
39164,4225
39165,4225
39166,4225
39167,4225
39168,4225
39169,4225
39170,4225
39171,4225
39172,4225
39173,4225
39174,4225
39175,4225
39176,4225
39177,4225
39178,4225
39179,4225
39180,4225
39181,4225
39182,4225
39183,4225
39184,4225
39185,4225
39186,4225
39187,4225
39188,4225
39189,4225
39190,4225
39191,4225
39192,4225
39193,4225
39194,4225
39195,4225
39196,4225
39197,4225
39198,4225
39199,4225
39200,4225
39201,4225
39202,4225
39203,4225
39204,4225
39205,4225
39206,4225
39207,4225
39208,4225
39209,4225
39210,4225
39211,4225
39212,4225
39213,4225
39214,4225
39215,4225
39216,4225
39217,4225
39218,4225
39219,4225
39220,4225
39221,4225
39222,4225
39223,4225
39224,4225
39225,4225
39226,4225
39227,4225
39228,4225
39229,4225
39230,4225
39231,4225
39232,4225
39233,4225
39234,4225
39235,4225
39236,4225
39237,4225
39238,4225
39239,4225
39240,4225
39241,4225
39242,4225
39243,4225
39244,4225
39245,4225
39246,4225
39247,4225
39248,4225
39249,4225
39250,4225
39251,4225
39252,4225
39253,4225
39254,4225
39255,4225
39256,4225
39257,4225
39258,4225
39259,4225
39260,4225
39261,4225
39262,4225
39263,4225
39264,4225
39265,4225
39266,4225
39267,4225
39268,4225
39269,4225
39270,4225
39271,4225
39272,4225
39273,4225
39274,4225
39275,4225
39276,4225
39277,4225
39278,4225
39279,4225
39280,4225
39281,4225
39282,4225
39283,4225
39284,4225
39285,4225
39286,4225
39287,4225
39288,4225
39289,4243
39290,4243
39291,4243
39292,4243
39293,4243
39294,4243
39295,4243
39296,4243
39297,4243
39298,4243
39299,4243
39300,4243
39301,4243
39302,4243
39303,4243
39304,4243
39305,4243
39306,4243
39307,4243
39308,4243
39309,4243
39310,4243
39311,4243
39312,4243
39313,4243
39314,4243
39315,4243
39316,4243
39317,4243
39318,4243
39319,4243
39320,4243
39321,4243
39322,4243
39323,4243
39324,4243
39325,4243
39326,4243
39327,4243
39328,4243
39329,4243
39330,4243
39331,4243
39332,4243
39333,4243
39334,4243
39335,4243
39336,4243
39337,4243
39338,4243
39339,4243
39340,4243
39341,4243
39342,4243
39343,4243
39344,4243
39345,4243
39346,4243
39347,4243
39348,4243
39349,4243
39350,4243
39351,4243
39352,4243
39353,4243
39354,4243
39355,4243
39356,4243
39357,4243
39358,4243
39359,4243
39360,4243
39361,4243
39362,4243
39363,4243
39364,4243
39365,4243
39366,4243
39367,4243
39368,4243
39369,4243
39370,4243
39371,4243
39372,4243
39373,4243
39374,4243
39375,4243
39376,4243
39377,4243
39378,4243
39379,4243
39380,4243
39381,4243
39382,4243
39383,4243
39384,4243
39385,4243
39386,4243
39387,4243
39388,4243
39389,4243
39390,4243
39391,4243
39392,4243
39393,4243
39394,4243
39395,4243
39396,4243
39397,4243
39398,4243
39399,4243
39400,4243
39401,4243
39402,4243
39403,4243
39404,4243
39405,4243
39406,4243
39407,4243
39408,4243
39409,4243
39410,4243
39411,4243
39412,4243
39413,4243
39414,4243
39415,4243
39416,4243
39417,4243
39418,4243
39419,4243
39420,4243
39421,4243
39422,4243
39423,4243
39424,4243
39425,4243
39426,4243
39427,4243
39428,4243
39429,4243
39430,4243
39431,4243
39432,4243
39433,4243
39434,4243
39435,4243
39436,4243
39437,4243
39438,4243
39439,4243
39440,4243
39441,4243
39442,4243
39443,4243
39444,4243
39445,4243
39446,4243
39447,4243
39448,4243
39449,4243
39450,4243
39451,4243
39452,4243
39453,4243
39454,4243
39455,4243
39456,4243
39457,4243
39458,4243
39459,4243
39460,4243
39461,4243
39462,4243
39463,4243
39464,4243
39465,4243
39466,4243
39467,4243
39468,4243
39469,4243
39470,4243
39471,4243
39472,4243
39473,4243
39474,4243
39475,4243
39476,4243
39477,4243
39478,4243
39479,4243
39480,4243
39481,4243
39482,4243
39483,4243
39484,4243
39485,4243
39486,4243
39487,4243
39488,4243
39489,4243
39490,4243
39491,4243
39492,4243
39493,4243
39494,4243
39495,4243
39496,4243
39497,4243
39498,4243
39499,4243
39500,4243
39501,4243
39502,4243
39503,4243
39504,4243
39505,4243
39506,4243
39507,4243
39508,4243
39509,4243
39510,4243
39511,4243
39512,4243
39513,4243
39514,4243
39515,4243
39516,4243
39517,4243
39518,4243
39519,4243
39520,4243
39521,4243
39522,4243
39523,4243
39524,4243
39525,4243
39526,4243
39527,4243
39528,4243
39529,4243
39530,4243
39531,4243
39532,4243
39533,4243
39534,4243
39535,4243
39536,4243
39537,4243
39538,4243
39539,4243
39540,4243
39541,4243
39542,4243
39543,4243
39544,4243
39545,4243
39546,4243
39547,4243
39548,4243
39549,4243
39550,4243
39551,4243
39552,4243
39553,4243
39554,4243
39555,4243
39556,4243
39557,4243
39558,4243
39559,4243
39560,4243
39561,4243
39562,4243
39563,4243
39564,4243
39565,4243
39566,4243
39567,4243
39568,4243
39569,4243
39570,4243
39571,4243
39572,4243
39573,4243
39574,4243
39575,4243
39576,4243
39577,4243
39578,4243
39579,4243
39580,4243
39581,4243
39582,4243
39583,4243
39584,4243
39585,4243
39586,4243
39587,4243
39588,4243
39589,4243
39590,4243
39591,4243
39592,4243
39593,4243
39594,4243
39595,4243
39596,4243
39597,4243
39598,4243
39599,4243
39600,4243
39601,4243
39602,4243
39603,4245
39604,4245
39605,4245
39606,4245
39607,4245
39608,4245
39609,4245
39610,4245
39611,4245
39612,4245
39613,4245
39614,4245
39615,4245
39616,4245
39617,4245
39618,4245
39619,4245
39620,4245
39621,4245
39622,4245
39623,4245
39624,4245
39625,4245
39626,4245
39627,4245
39628,4245
39629,4245
39630,4245
39631,4245
39632,4245
39633,4245
39634,4245
39635,4245
39636,4245
39637,4245
39638,4245
39639,4245
39640,4245
39641,4245
39642,4247
39643,4247
39644,4247
39645,4247
39646,4247
39647,4247
39648,4247
39649,4247
39650,4247
39651,4247
39652,4247
39653,4247
39654,4247
39655,4247
39656,4247
39657,4247
39658,4247
39659,4247
39660,4247
39661,4247
39662,4247
39663,4247
39664,4247
39665,4247
39666,4247
39667,4247
39668,4247
39669,4247
39670,4247
39671,4247
39672,4247
39673,4247
39674,4247
39675,4247
39676,4247
39677,4247
39678,4247
39679,4247
39680,4247
39681,4247
39682,4247
39683,4247
39684,4247
39685,4247
39686,4247
39687,4247
39688,4247
39689,4247
39690,4247
39691,4247
39692,4247
39693,4247
39694,4247
39695,4247
39696,4247
39697,4247
39698,4247
39699,4247
39700,4247
39701,4247
39702,4247
39703,4247
39704,4247
39705,4247
39706,4247
39707,4247
39708,4247
39709,4247
39710,4247
39711,4247
39712,4247
39713,4247
39714,4247
39715,4247
39716,4247
39717,4247
39718,4247
39719,4247
39720,4247
39721,4247
39722,4247
39723,4247
39724,4247
39725,4247
39726,4247
39727,4247
39728,4247
39729,4247
39730,4247
39731,4247
39732,4247
39733,4247
39734,4247
39735,4247
39736,4247
39737,4247
39738,4247
39739,4247
39740,4247
39741,4247
39742,4247
39743,4247
39744,4247
39745,4247
39746,4247
39747,4247
39748,4247
39749,4247
39750,4247
39751,4247
39752,4247
39753,4247
39754,4247
39755,4247
39756,4247
39757,4247
39758,4247
39759,4247
39760,4247
39761,4247
39762,4247
39763,4247
39764,4247
39765,4247
39766,4247
39767,4247
39768,4247
39769,4247
39770,4247
39771,4247
39772,4247
39773,4247
39774,4247
39775,4247
39776,4247
39777,4247
39778,4247
39779,4247
39780,4247
39781,4247
39782,4247
39783,4247
39784,4247
39785,4247
39786,4247
39787,4247
39788,4247
39789,4247
39790,4247
39791,4247
39792,4247
39793,4247
39794,4247
39795,4247
39796,4247
39797,4247
39798,4247
39799,4247
39800,4247
39801,4247
39802,4247
39803,4247
39804,4247
39805,4247
39806,4247
39807,4247
39808,4247
39809,4247
39810,4247
39811,4247
39812,4247
39813,4247
39814,4247
39815,4247
39816,4247
39817,4247
39818,4247
39819,4247
39820,4247
39821,4247
39822,4247
39823,4247
39824,4247
39825,4247
39826,4247
39827,4247
39828,4247
39829,4247
39830,4247
39831,4247
39832,4247
39833,4247
39834,4247
39835,4247
39836,4247
39837,4247
39838,4247
39839,4247
39840,4247
39841,4247
39842,4247
39843,4247
39844,4247
39845,4247
39846,4247
39847,4247
39848,4247
39849,4247
39850,4247
39851,4247
39852,4247
39853,4247
39854,4247
39855,4247
39856,4247
39857,4247
39858,4247
39859,4247
39860,4247
39861,4247
39862,4247
39863,4247
39864,4247
39865,4247
39866,4247
39867,4247
39868,4247
39869,4247
39870,4247
39871,4247
39872,4247
39873,4247
39874,4247
39875,4247
39876,4247
39877,4247
39878,4247
39879,4247
39880,4247
39881,4247
39882,4247
39883,4247
39884,4247
39885,4247
39886,4247
39887,4247
39888,4247
39889,4247
39890,4247
39891,4247
39892,4247
39893,4247
39894,4247
39895,4247
39896,4247
39897,4247
39898,4247
39899,4247
39900,4247
39901,4247
39902,4247
39903,4247
39904,4247
39905,4247
39906,4247
39907,4247
39908,4247
39909,4247
39910,4247
39911,4247
39912,4247
39913,4247
39914,4247
39915,4247
39916,4247
39917,4247
39918,4247
39919,4247
39920,4247
39921,4247
39922,4247
39923,4247
39924,4247
39925,4247
39926,4247
39927,4247
39928,4247
39929,4247
39930,4247
39931,4247
39932,4247
39933,4247
39934,4247
39935,4247
39936,4247
39937,4247
39938,4247
39939,4247
39940,4247
39941,4247
39942,4247
39943,4247
39944,4247
39945,4247
39946,4247
39947,4247
39948,4247
39949,4247
39950,4247
39951,4247
39952,4247
39953,4247
39954,4247
39955,4247
39956,4247
39957,4247
39958,4247
39959,4247
39960,4247
39961,4247
39962,4247
39963,4247
39964,4247
39965,4247
39966,4247
39967,4247
39968,4247
39969,4247
39970,4247
39971,4247
39972,4247
39973,4247
39974,4247
39975,4247
39976,4247
39977,4247
39978,4247
39979,4247
39980,4247
39981,4247
39982,4247
39983,4247
39984,4247
39985,4247
39986,4247
39987,4247
39988,4247
39989,4247
39990,4247
39991,4247
39992,4247
39993,4247
39994,4247
39995,4247
39996,4247
39997,4247
39998,4247
39999,4247
40000,4247
40001,4247
40002,4247
40003,4247
40004,4247
40005,4247
40006,4247
40007,4247
40008,4247
40009,4247
40010,4247
40011,4247
40012,4247
40013,4247
40014,4247
40015,4247
40016,4247
40017,4247
40018,4247
40019,4247
40020,4247
40021,4247
40022,4247
40023,4247
40024,4247
40025,4247
40026,4247
40027,4247
40028,4247
40029,4247
40030,4247
40031,4247
40032,4247
40033,4247
40034,4247
40035,4247
40036,4247
40037,4247
40038,4247
40039,4247
40040,4247
40041,4247
40042,4247
40043,4247
40044,4247
40045,4247
40046,4247
40047,4247
40048,4247
40049,4247
40050,4247
40051,4247
40052,4247
40053,4247
40054,4247
40055,4247
40056,4247
40057,4247
40058,4247
40059,4247
40060,4247
40061,4247
40062,4247
40063,4247
40064,4247
40065,4247
40066,4247
40067,4247
40068,4247
40069,4247
40070,4247
40071,4247
40072,4247
40073,4247
40074,4247
40075,4247
40076,4247
40077,4247
40078,4247
40079,4247
40080,4247
40081,4247
40082,4247
40083,4247
40084,4247
40085,4247
40086,4247
40087,4247
40088,4247
40089,4247
40090,4247
40091,4247
40092,4247
40093,4247
40094,4247
40095,4247
40096,4247
40097,4247
40098,4247
40099,4247
40100,4247
40101,4247
40102,4247
40103,4247
40104,4247
40105,4247
40106,4247
40107,4247
40108,4247
40109,4247
40110,4247
40111,4247
40112,4247
40113,4247
40114,4247
40115,4247
40116,4247
40117,4247
40118,4247
40119,4247
40120,4247
40121,4247
40122,4247
40123,4247
40124,4247
40125,4247
40126,4247
40127,4247
40128,4247
40129,4247
40130,4247
40131,4247
40132,4247
40133,4247
40134,4247
40135,4247
40136,4247
40137,4247
40138,4247
40139,4247
40140,4247
40141,4247
40142,4247
40143,4247
40144,4247
40145,4247
40146,4247
40147,4247
40148,4247
40149,4247
40150,4247
40151,4247
40152,4247
40153,4247
40154,4247
40155,4247
40156,4247
40157,4247
40158,4247
40159,4247
40160,4247
40161,4247
40162,4247
40163,4247
40164,4247
40165,4247
40166,4247
40167,4247
40168,4247
40169,4247
40170,4247
40171,4247
40172,4247
40173,4247
40174,4247
40175,4247
40176,4247
40177,4247
40178,4247
40179,4247
40180,4247
40181,4247
40182,4247
40183,4247
40184,4247
40185,4247
40186,4247
40187,4247
40188,4247
40189,4247
40190,4247
40191,4247
40192,4247
40193,4247
40194,4247
40195,4247
40196,4247
40197,4247
40198,4247
40199,4247
40200,4247
40201,4247
40202,4247
40203,4249
40204,4249
40205,4249
40206,4249
40207,4249
40208,4249
40209,4249
40210,4249
40211,4249
40212,4249
40213,4249
40214,4249
40215,4249
40216,4249
40217,4249
40218,4249
40219,4249
40220,4249
40221,4249
40222,4249
40223,4249
40224,4249
40225,4249
40226,4249
40227,4249
40228,4249
40229,4249
40230,4249
40231,4249
40232,4249
40233,4249
40234,4249
40235,4249
40236,4249
40237,4249
40238,4249
40239,4249
40240,4249
40241,4249
40242,4249
40243,4249
40244,4249
40245,4249
40246,4249
40247,4249
40248,4249
40249,4249
40250,4249
40251,4249
40252,4249
40253,4249
40254,4249
40255,4249
40256,4249
40257,4249
40258,4249
40259,4249
40260,4249
40261,4249
40262,4249
40263,4249
40264,4249
40265,4249
40266,4249
40267,4249
40268,4249
40269,4249
40270,4249
40271,4249
40272,4249
40273,4249
40274,4249
40275,4249
40276,4249
40277,4249
40278,4249
40279,4249
40280,4249
40281,4249
40282,4249
40283,4249
40284,4249
40285,4249
40286,4249
40287,4249
40288,4249
40289,4249
40290,4249
40291,4249
40292,4249
40293,4249
40294,4249
40295,4249
40296,4249
40297,4249
40298,4249
40299,4249
40300,4249
40301,4249
40302,4249
40303,4249
40304,4249
40305,4249
40306,4249
40307,4249
40308,4249
40309,4249
40310,4249
40311,4249
40312,4249
40313,4249
40314,4249
40315,4249
40316,4249
40317,4249
40318,4249
40319,4249
40320,4249
40321,4249
40322,4249
40323,4249
40324,4249
40325,4249
40326,4249
40327,4249
40328,4249
40329,4249
40330,4249
40331,4249
40332,4249
40333,4249
40334,4249
40335,4249
40336,4249
40337,4249
40338,4249
40339,4249
40340,4249
40341,4249
40342,4249
40343,4249
40344,4249
40345,4249
40346,4249
40347,4249
40348,4249
40349,4249
40350,4249
40351,4249
40352,4249
40353,4249
40354,4249
40355,4249
40356,4249
40357,4249
40358,4249
40359,4249
40360,4249
40361,4249
40362,4249
40363,4249
40364,4249
40365,4249
40366,4249
40367,4249
40368,4249
40369,4249
40370,4249
40371,4249
40372,4249
40373,4249
40374,4249
40375,4249
40376,4249
40377,4249
40378,4249
40379,4249
40380,4249
40381,4249
40382,4249
40383,4249
40384,4249
40385,4249
40386,4249
40387,4249
40388,4249
40389,4249
40390,4249
40391,4249
40392,4249
40393,4249
40394,4249
40395,4249
40396,4249
40397,4249
40398,4249
40399,4249
40400,4249
40401,4249
40402,4249
40403,4249
40404,4249
40405,4249
40406,4249
40407,4249
40408,4249
40409,4249
40410,4249
40411,4249
40412,4249
40413,4249
40414,4249
40415,4249
40416,4249
40417,4249
40418,4249
40419,4249
40420,4249
40421,4249
40422,4249
40423,4249
40424,4249
40425,4249
40426,4249
40427,4249
40428,4249
40429,4249
40430,4249
40431,4249
40432,4249
40433,4249
40434,4249
40435,4249
40436,4249
40437,4249
40438,4249
40439,4249
40440,4249
40441,4249
40442,4249
40443,4249
40444,4249
40445,4249
40446,4249
40447,4249
40448,4249
40449,4249
40450,4249
40451,4249
40452,4249
40453,4249
40454,4249
40455,4249
40456,4249
40457,4249
40458,4249
40459,4249
40460,4249
40461,4249
40462,4249
40463,4249
40464,4249
40465,4249
40466,4249
40467,4249
40468,4249
40469,4249
40470,4249
40471,4249
40472,4249
40473,4249
40474,4249
40475,4249
40476,4249
40477,4249
40478,4249
40479,4249
40480,4249
40481,4249
40482,4249
40483,4249
40484,4249
40485,4249
40486,4249
40487,4249
40488,4249
40489,4249
40490,4249
40491,4249
40492,4249
40493,4249
40494,4249
40495,4249
40496,4249
40497,4249
40498,4249
40499,4249
40500,4249
40501,4249
40502,4249
40503,4249
40504,4249
40505,4249
40506,4249
40507,4249
40508,4249
40509,4249
40510,4249
40511,4249
40512,4249
40513,4249
40514,4249
40515,4249
40516,4249
40517,4249
40518,4249
40519,4249
40520,4249
40521,4249
40522,4249
40523,4249
40524,4249
40525,4249
40526,4249
40527,4249
40528,4249
40529,4249
40530,4249
40531,4249
40532,4249
40533,4249
40534,4249
40535,4249
40536,4249
40537,4249
40538,4249
40539,4249
40540,4249
40541,4249
40542,4249
40543,4249
40544,4249
40545,4249
40546,4249
40547,4249
40548,4249
40549,4249
40550,4249
40551,4249
40552,4249
40553,4249
40554,4249
40555,4249
40556,4249
40557,4249
40558,4249
40559,4249
40560,4249
40561,4249
40562,4249
40563,4249
40564,4249
40565,4249
40566,4249
40567,4249
40568,4249
40569,4249
40570,4249
40571,4249
40572,4249
40573,4249
40574,4249
40575,4249
40576,4249
40577,4249
40578,4249
40579,4249
40580,4249
40581,4249
40582,4249
40583,4249
40584,4249
40585,4249
40586,4249
40587,4249
40588,4249
40589,4249
40590,4249
40591,4249
40592,4249
40593,4249
40594,4249
40595,4249
40596,4249
40597,4249
40598,4249
40599,4249
40600,4249
40601,4249
40602,4249
40603,4249
40604,4249
40605,4249
40606,4249
40607,4249
40608,4249
40609,4249
40610,4249
40611,4249
40612,4249
40613,4249
40614,4249
40615,4249
40616,4249
40617,4249
40618,4249
40619,4249
40620,4249
40621,4249
40622,4249
40623,4249
40624,4249
40625,4249
40626,4249
40627,4249
40628,4249
40629,4249
40630,4249
40631,4249
40632,4249
40633,4249
40634,4249
40635,4249
40636,4249
40637,4249
40638,4249
40639,4249
40640,4249
40641,4249
40642,4249
40643,4249
40644,4249
40645,4249
40646,4249
40647,4249
40648,4249
40649,4249
40650,4249
40651,4249
40652,4249
40653,4249
40654,4249
40655,4249
40656,4249
40657,4249
40658,4249
40659,4249
40660,4249
40661,4249
40662,4249
40663,4249
40664,4249
40665,4249
40666,4249
40667,4249
40668,4249
40669,4249
40670,4249
40671,4249
40672,4249
40673,4249
40674,4249
40675,4249
40676,4249
40677,4249
40678,4249
40679,4249
40680,4249
40681,4249
40682,4249
40683,4249
40684,4249
40685,4249
40686,4249
40687,4249
40688,4249
40689,4249
40690,4249
40691,4249
40692,4249
40693,4249
40694,4249
40695,4249
40696,4249
40697,4249
40698,4249
40699,4249
40700,4249
40701,4249
40702,4249
40703,4249
40704,4249
40705,4249
40706,4249
40707,4249
40708,4249
40709,4249
40710,4249
40711,4249
40712,4249
40713,4249
40714,4249
40715,4249
40716,4249
40717,4249
40718,4249
40719,4249
40720,4249
40721,4249
40722,4249
40723,4249
40724,4249
40725,4249
40726,4249
40727,4249
40728,4249
40729,4249
40730,4249
40731,4249
40732,4249
40733,4249
40734,4249
40735,4249
40736,4249
40737,4249
40738,4249
40739,4249
40740,4249
40741,4249
40742,4249
40743,4249
40744,4249
40745,4249
40746,4249
40747,4249
40748,4249
40749,4249
40750,4249
40751,4249
40752,4249
40753,4249
40754,4249
40755,4249
40756,4249
40757,4249
40758,4249
40759,4249
40760,4249
40761,4249
40762,4249
40763,4249
40764,4249
40765,4249
40766,4249
40767,4249
40768,4249
40769,4249
40770,4249
40771,4249
40772,4249
40773,4249
40774,4249
40775,4249
40776,4249
40777,4249
40778,4249
40779,4249
40780,4249
40781,4249
40782,4249
40783,4249
40784,4249
40785,4249
40786,4249
40787,4249
40788,4249
40789,4249
40790,4249
40791,4249
40792,4249
40793,4249
40794,4249
40795,4249
40796,4249
40797,4249
40798,4249
40799,4249
40800,4249
40801,4249
40802,4249
40803,4249
40804,4249
40805,4249
40806,4249
40807,4249
40808,4249
40809,4249
40810,4249
40811,4249
40812,4249
40813,4249
40814,4249
40815,4249
40816,4249
40817,4260
40818,4260
40819,4260
40820,4260
40821,4260
40822,4260
40823,4260
40824,4260
40825,4260
40826,4260
40827,4260
40828,4260
40829,4260
40830,4260
40831,4260
40832,4260
40833,4260
40834,4260
40835,4260
40836,4260
40837,4260
40838,4260
40839,4260
40840,4260
40841,4260
40842,4260
40843,4260
40844,4260
40845,4260
40846,4260
40847,4260
40848,4260
40849,4260
40850,4260
40851,4260
40852,4260
40853,4260
40854,4260
40855,4260
40856,4260
40857,4260
40858,4260
40859,4260
40860,4260
40861,4260
40862,4260
40863,4260
40864,4260
40865,4260
40866,4260
40867,4260
40868,4260
40869,4260
40870,4260
40871,4260
40872,4260
40873,4260
40874,4260
40875,4260
40876,4260
40877,4260
40878,4260
40879,4260
40880,4260
40881,4260
40882,4260
40883,4260
40884,4260
40885,4260
40886,4260
40887,4264
40888,4264
40889,4264
40890,4264
40891,4264
40892,4264
40893,4264
40894,4264
40895,4264
40896,4264
40897,4264
40898,4264
40899,4264
40900,4264
40901,4264
40902,4264
40903,4264
40904,4264
40905,4264
40906,4264
40907,4264
40908,4264
40909,4264
40910,4264
40911,4264
40912,4264
40913,4264
40914,4264
40915,4264
40916,4264
40917,4264
40918,4264
40919,4264
40920,4264
40921,4264
40922,4264
40923,4264
40924,4264
40925,4264
40926,4264
40927,4264
40928,4264
40929,4264
40930,4264
40931,4264
40932,4264
40933,4264
40934,4264
40935,4264
40936,4264
40937,4264
40938,4264
40939,4264
40940,4264
40941,4264
40942,4264
40943,4264
40944,4264
40945,4264
40946,4264
40947,4264
40948,4264
40949,4264
40950,4264
40951,4264
40952,4264
40953,4264
40954,4264
40955,4264
40956,4264
40957,4264
40958,4264
40959,4264
40960,4264
40961,4264
40962,4264
40963,4264
40964,4264
40965,4264
40966,4264
40967,4264
40968,4264
40969,4264
40970,4264
40971,4264
40972,4264
40973,4264
40974,4264
40975,4264
40976,4264
40977,4264
40978,4264
40979,4264
40980,4264
40981,4264
40982,4264
40983,4264
40984,4264
40985,4264
40986,4264
40987,4264
40988,4264
40989,4264
40990,4264
40991,4264
40992,4264
40993,4264
40994,4264
40995,4264
40996,4264
40997,4264
40998,4264
40999,4264
41000,4264
41001,4264
41002,4264
41003,4264
41004,4264
41005,4264
41006,4264
41007,4264
41008,4264
41009,4264
41010,4264
41011,4264
41012,4264
41013,4264
41014,4264
41015,4264
41016,4264
41017,4264
41018,4264
41019,4264
41020,4264
41021,4264
41022,4264
41023,4264
41024,4264
41025,4264
41026,4264
41027,4264
41028,4264
41029,4264
41030,4264
41031,4264
41032,4264
41033,4264
41034,4264
41035,4264
41036,4264
41037,4264
41038,4264
41039,4264
41040,4264
41041,4264
41042,4264
41043,4264
41044,4264
41045,4264
41046,4264
41047,4264
41048,4264
41049,4264
41050,4264
41051,4264
41052,4264
41053,4264
41054,4264
41055,4264
41056,4264
41057,4264
41058,4264
41059,4264
41060,4264
41061,4264
41062,4264
41063,4264
41064,4264
41065,4264
41066,4264
41067,4264
41068,4264
41069,4264
41070,4264
41071,4264
41072,4264
41073,4264
41074,4264
41075,4264
41076,4264
41077,4264
41078,4264
41079,4264
41080,4264
41081,4264
41082,4264
41083,4264
41084,4264
41085,4264
41086,4264
41087,4264
41088,4264
41089,4264
41090,4264
41091,4264
41092,4264
41093,4264
41094,4264
41095,4264
41096,4264
41097,4264
41098,4264
41099,4264
41100,4264
41101,4264
41102,4264
41103,4264
41104,4264
41105,4264
41106,4264
41107,4264
41108,4265
41109,4265
41110,4265
41111,4265
41112,4265
41113,4265
41114,4265
41115,4265
41116,4265
41117,4265
41118,4265
41119,4265
41120,4265
41121,4265
41122,4265
41123,4265
41124,4265
41125,4265
41126,4265
41127,4265
41128,4265
41129,4265
41130,4265
41131,4265
41132,4265
41133,4265
41134,4265
41135,4265
41136,4265
41137,4265
41138,4265
41139,4265
41140,4265
41141,4265
41142,4265
41143,4265
41144,4265
41145,4265
41146,4265
41147,4265
41148,4265
41149,4265
41150,4265
41151,4265
41152,4265
41153,4265
41154,4265
41155,4265
41156,4265
41157,4265
41158,4265
41159,4265
41160,4265
41161,4265
41162,4265
41163,4265
41164,4265
41165,4265
41166,4265
41167,4265
41168,4265
41169,4265
41170,4265
41171,4265
41172,4265
41173,4265
41174,4265
41175,4265
41176,4265
41177,4265
41178,4265
41179,4265
41180,4265
41181,4265
41182,4265
41183,4265
41184,4265
41185,4265
41186,4265
41187,4265
41188,4265
41189,4265
41190,4265
41191,4265
41192,4265
41193,4265
41194,4265
41195,4265
41196,4265
41197,4265
41198,4265
41199,4265
41200,4265
41201,4265
41202,4265
41203,4265
41204,4265
41205,4265
41206,4265
41207,4265
41208,4265
41209,4265
41210,4265
41211,4265
41212,4265
41213,4265
41214,4265
41215,4265
41216,4265
41217,4265
41218,4265
41219,4265
41220,4265
41221,4265
41222,4265
41223,4265
41224,4265
41225,4265
41226,4265
41227,4265
41228,4265
41229,4265
41230,4265
41231,4265
41232,4265
41233,4265
41234,4265
41235,4265
41236,4265
41237,4265
41238,4265
41239,4265
41240,4265
41241,4265
41242,4265
41243,4265
41244,4265
41245,4265
41246,4265
41247,4265
41248,4265
41249,4265
41250,4265
41251,4265
41252,4265
41253,4265
41254,4265
41255,4265
41256,4265
41257,4265
41258,4265
41259,4265
41260,4265
41261,4265
41262,4265
41263,4265
41264,4265
41265,4265
41266,4265
41267,4265
41268,4265
41269,4265
41270,4265
41271,4265
41272,4265
41273,4265
41274,4265
41275,4265
41276,4265
41277,4265
41278,4265
41279,4265
41280,4265
41281,4265
41282,4265
41283,4265
41284,4265
41285,4265
41286,4265
41287,4265
41288,4265
41289,4265
41290,4265
41291,4265
41292,4265
41293,4265
41294,4265
41295,4265
41296,4265
41297,4265
41298,4265
41299,4265
41300,4265
41301,4265
41302,4265
41303,4265
41304,4265
41305,4265
41306,4265
41307,4265
41308,4265
41309,4265
41310,4265
41311,4265
41312,4265
41313,4265
41314,4265
41315,4265
41316,4265
41317,4265
41318,4265
41319,4265
41320,4265
41321,4265
41322,4265
41323,4265
41324,4265
41325,4265
41326,4265
41327,4265
41328,4265
41329,4265
41330,4265
41331,4265
41332,4265
41333,4265
41334,4265
41335,4265
41336,4265
41337,4265
41338,4265
41339,4265
41340,4265
41341,4265
41342,4265
41343,4265
41344,4265
41345,4265
41346,4265
41347,4265
41348,4265
41349,4265
41350,4265
41351,4265
41352,4265
41353,4265
41354,4265
41355,4265
41356,4265
41357,4265
41358,4265
41359,4265
41360,4265
41361,4265
41362,4265
41363,4265
41364,4265
41365,4265
41366,4265
41367,4265
41368,4265
41369,4265
41370,4265
41371,4265
41372,4265
41373,4265
41374,4265
41375,4265
41376,4265
41377,4265
41378,4265
41379,4265
41380,4265
41381,4265
41382,4265
41383,4265
41384,4265
41385,4265
41386,4265
41387,4265
41388,4265
41389,4265
41390,4265
41391,4265
41392,4265
41393,4265
41394,4265
41395,4265
41396,4265
41397,4265
41398,4265
41399,4265
41400,4265
41401,4265
41402,4265
41403,4265
41404,4265
41405,4265
41406,4265
41407,4265
41408,4265
41409,4265
41410,4265
41411,4265
41412,4265
41413,4265
41414,4265
41415,4265
41416,4265
41417,4265
41418,4265
41419,4265
41420,4265
41421,4265
41422,4265
41423,4265
41424,4265
41425,4265
41426,4265
41427,4265
41428,4265
41429,4265
41430,4265
41431,4265
41432,4265
41433,4265
41434,4265
41435,4265
41436,4265
41437,4265
41438,4265
41439,4265
41440,4265
41441,4265
41442,4265
41443,4265
41444,4265
41445,4265
41446,4265
41447,4265
41448,4265
41449,4265
41450,4265
41451,4265
41452,4265
41453,4265
41454,4265
41455,4265
41456,4265
41457,4265
41458,4265
41459,4265
41460,4265
41461,4265
41462,4265
41463,4265
41464,4265
41465,4265
41466,4265
41467,4265
41468,4265
41469,4265
41470,4265
41471,4265
41472,4265
41473,4265
41474,4265
41475,4265
41476,4265
41477,4265
41478,4265
41479,4265
41480,4265
41481,4265
41482,4265
41483,4265
41484,4265
41485,4265
41486,4265
41487,4265
41488,4265
41489,4265
41490,4265
41491,4265
41492,4265
41493,4265
41494,4265
41495,4265
41496,4265
41497,4265
41498,4265
41499,4265
41500,4265
41501,4265
41502,4265
41503,4265
41504,4265
41505,4265
41506,4265
41507,4265
41508,4265
41509,4265
41510,4265
41511,4265
41512,4265
41513,4265
41514,4265
41515,4265
41516,4265
41517,4265
41518,4265
41519,4265
41520,4265
41521,4265
41522,4265
41523,4265
41524,4265
41525,4265
41526,4265
41527,4265
41528,4265
41529,4265
41530,4265
41531,4265
41532,4265
41533,4265
41534,4265
41535,4265
41536,4265
41537,4265
41538,4265
41539,4265
41540,4265
41541,4265
41542,4265
41543,4265
41544,4265
41545,4265
41546,4265
41547,4265
41548,4265
41549,4265
41550,4267
41551,4267
41552,4267
41553,4267
41554,4267
41555,4267
41556,4267
41557,4267
41558,4267
41559,4267
41560,4267
41561,4267
41562,4267
41563,4267
41564,4267
41565,4267
41566,4267
41567,4267
41568,4267
41569,4267
41570,4267
41571,4267
41572,4267
41573,4267
41574,4267
41575,4267
41576,4267
41577,4267
41578,4267
41579,4267
41580,4267
41581,4267
41582,4267
41583,4267
41584,4267
41585,4267
41586,4267
41587,4267
41588,4267
41589,4267
41590,4267
41591,4267
41592,4267
41593,4267
41594,4267
41595,4267
41596,4267
41597,4267
41598,4267
41599,4267
41600,4267
41601,4267
41602,4267
41603,4267
41604,4267
41605,4267
41606,4267
41607,4267
41608,4267
41609,4267
41610,4267
41611,4267
41612,4267
41613,4267
41614,4267
41615,4267
41616,4267
41617,4267
41618,4267
41619,4267
41620,4267
41621,4267
41622,4267
41623,4267
41624,4267
41625,4267
41626,4267
41627,4267
41628,4267
41629,4267
41630,4267
41631,4267
41632,4267
41633,4267
41634,4267
41635,4267
41636,4267
41637,4267
41638,4267
41639,4267
41640,4267
41641,4267
41642,4267
41643,4267
41644,4269
41645,4269
41646,4269
41647,4269
41648,4269
41649,4269
41650,4269
41651,4269
41652,4269
41653,4269
41654,4269
41655,4269
41656,4269
41657,4269
41658,4269
41659,4269
41660,4269
41661,4269
41662,4269
41663,4269
41664,4269
41665,4269
41666,4269
41667,4269
41668,4269
41669,4269
41670,4269
41671,4269
41672,4269
41673,4269
41674,4269
41675,4269
41676,4269
41677,4269
41678,4269
41679,4269
41680,4269
41681,4269
41682,4269
41683,4269
41684,4269
41685,4269
41686,4269
41687,4269
41688,4269
41689,4269
41690,4269
41691,4269
41692,4269
41693,4269
41694,4269
41695,4269
41696,4269
41697,4269
41698,4269
41699,4269
41700,4269
41701,4269
41702,4269
41703,4269
41704,4269
41705,4269
41706,4269
41707,4269
41708,4269
41709,4269
41710,4269
41711,4269
41712,4269
41713,4269
41714,4269
41715,4269
41716,4269
41717,4269
41718,4269
41719,4269
41720,4269
41721,4269
41722,4269
41723,4269
41724,4269
41725,4269
41726,4269
41727,4269
41728,4269
41729,4269
41730,4269
41731,4269
41732,4269
41733,4269
41734,4269
41735,4269
41736,4269
41737,4269
41738,4269
41739,4269
41740,4269
41741,4269
41742,4269
41743,4269
41744,4269
41745,4269
41746,4269
41747,4269
41748,4269
41749,4269
41750,4269
41751,4269
41752,4269
41753,4269
41754,4269
41755,4269
41756,4269
41757,4269
41758,4269
41759,4269
41760,4269
41761,4269
41762,4269
41763,4269
41764,4269
41765,4269
41766,4269
41767,4269
41768,4269
41769,4269
41770,4269
41771,4269
41772,4269
41773,4269
41774,4269
41775,4269
41776,4269
41777,4269
41778,4269
41779,4269
41780,4269
41781,4269
41782,4269
41783,4269
41784,4269
41785,4269
41786,4269
41787,4269
41788,4269
41789,4269
41790,4269
41791,4269
41792,4269
41793,4269
41794,4269
41795,4269
41796,4269
41797,4269
41798,4269
41799,4269
41800,4269
41801,4269
41802,4269
41803,4269
41804,4269
41805,4269
41806,4269
41807,4269
41808,4269
41809,4269
41810,4269
41811,4269
41812,4269
41813,4269
41814,4269
41815,4269
41816,4269
41817,4269
41818,4269
41819,4269
41820,4269
41821,4269
41822,4269
41823,4269
41824,4269
41825,4269
41826,4269
41827,4269
41828,4269
41829,4269
41830,4269
41831,4269
41832,4269
41833,4269
41834,4269
41835,4269
41836,4269
41837,4269
41838,4269
41839,4269
41840,4269
41841,4269
41842,4269
41843,4269
41844,4269
41845,4269
41846,4269
41847,4269
41848,4269
41849,4269
41850,4269
41851,4269
41852,4269
41853,4269
41854,4269
41855,4269
41856,4269
41857,4269
41858,4269
41859,4269
41860,4269
41861,4269
41862,4269
41863,4269
41864,4269
41865,4269
41866,4269
41867,4269
41868,4269
41869,4269
41870,4269
41871,4269
41872,4269
41873,4269
41874,4269
41875,4269
41876,4269
41877,4269
41878,4269
41879,4269
41880,4269
41881,4269
41882,4269
41883,4269
41884,4269
41885,4269
41886,4269
41887,4269
41888,4269
41889,4269
41890,4269
41891,4269
41892,4269
41893,4269
41894,4269
41895,4269
41896,4269
41897,4269
41898,4269
41899,4269
41900,4269
41901,4269
41902,4269
41903,4269
41904,4269
41905,4269
41906,4269
41907,4269
41908,4269
41909,4269
41910,4269
41911,4269
41912,4269
41913,4269
41914,4269
41915,4269
41916,4269
41917,4269
41918,4269
41919,4269
41920,4269
41921,4269
41922,4269
41923,4269
41924,4269
41925,4269
41926,4269
41927,4269
41928,4269
41929,4269
41930,4269
41931,4269
41932,4269
41933,4269
41934,4269
41935,4269
41936,4269
41937,4269
41938,4269
41939,4269
41940,4269
41941,4269
41942,4269
41943,4269
41944,4269
41945,4269
41946,4269
41947,4269
41948,4269
41949,4269
41950,4269
41951,4269
41952,4269
41953,4269
41954,4269
41955,4269
41956,4269
41957,4269
41958,4269
41959,4269
41960,4269
41961,4269
41962,4269
41963,4269
41964,4269
41965,4269
41966,4269
41967,4269
41968,4269
41969,4269
41970,4269
41971,4269
41972,4269
41973,4269
41974,4269
41975,4269
41976,4269
41977,4269
41978,4269
41979,4269
41980,4269
41981,4269
41982,4269
41983,4269
41984,4269
41985,4269
41986,4269
41987,4269
41988,4269
41989,4269
41990,4269
41991,4269
41992,4269
41993,4269
41994,4269
41995,4269
41996,4269
41997,4269
41998,4269
41999,4269
42000,4269
42001,4269
42002,4269
42003,4269
42004,4269
42005,4269
42006,4269
42007,4269
42008,4269
42009,4269
42010,4269
42011,4269
42012,4269
42013,4269
42014,4269
42015,4269
42016,4269
42017,4269
42018,4269
42019,4269
42020,4269
42021,4269
42022,4269
42023,4269
42024,4269
42025,4269
42026,4269
42027,4269
42028,4269
42029,4269
42030,4269
42031,4269
42032,4269
42033,4269
42034,4269
42035,4269
42036,4269
42037,4269
42038,4269
42039,4269
42040,4269
42041,4269
42042,4269
42043,4269
42044,4269
42045,4269
42046,4269
42047,4269
42048,4269
42049,4269
42050,4269
42051,4269
42052,4269
42053,4269
42054,4269
42055,4269
42056,4269
42057,4269
42058,4269
42059,4269
42060,4269
42061,4269
42062,4269
42063,4269
42064,4269
42065,4269
42066,4269
42067,4269
42068,4269
42069,4269
42070,4269
42071,4269
42072,4269
42073,4269
42074,4269
42075,4269
42076,4269
42077,4269
42078,4269
42079,4269
42080,4269
42081,4269
42082,4269
42083,4269
42084,4269
42085,4269
42086,4269
42087,4269
42088,4269
42089,4269
42090,4269
42091,4269
42092,4269
42093,4269
42094,4269
42095,4269
42096,4269
42097,4269
42098,4269
42099,4269
42100,4269
42101,4269
42102,4269
42103,4269
42104,4269
42105,4272
42106,4272
42107,4272
42108,4272
42109,4272
42110,4272
42111,4272
42112,4272
42113,4272
42114,4273
42115,4273
42116,4273
42117,4273
42118,4273
42119,4273
42120,4273
42121,4273
42122,4273
42123,4273
42124,4273
42125,4273
42126,4273
42127,4273
42128,4273
42129,4273
42130,4273
42131,4273
42132,4273
42133,4273
42134,4273
42135,4273
42136,4273
42137,4273
42138,4273
42139,4273
42140,4273
42141,4273
42142,4273
42143,4273
42144,4273
42145,4273
42146,4273
42147,4273
42148,4273
42149,4273
42150,4273
42151,4273
42152,4273
42153,4273
42154,4273
42155,4273
42156,4273
42157,4273
42158,4273
42159,4273
42160,4273
42161,4273
42162,4273
42163,4273
42164,4273
42165,4273
42166,4273
42167,4273
42168,4273
42169,4273
42170,4273
42171,4273
42172,4273
42173,4273
42174,4273
42175,4273
42176,4273
42177,4273
42178,4273
42179,4273
42180,4273
42181,4273
42182,4273
42183,4273
42184,4273
42185,4273
42186,4273
42187,4273
42188,4273
42189,4273
42190,4273
42191,4273
42192,4273
42193,4273
42194,4273
42195,4273
42196,4273
42197,4273
42198,4273
42199,4273
42200,4273
42201,4273
42202,4273
42203,4273
42204,4273
42205,4273
42206,4273
42207,4273
42208,4273
42209,4273
42210,4273
42211,4273
42212,4273
42213,4273
42214,4273
42215,4273
42216,4273
42217,4273
42218,4273
42219,4273
42220,4273
42221,4273
42222,4273
42223,4273
42224,4273
42225,4273
42226,4273
42227,4273
42228,4273
42229,4273
42230,4273
42231,4273
42232,4273
42233,4273
42234,4273
42235,4273
42236,4273
42237,4273
42238,4273
42239,4273
42240,4273
42241,4273
42242,4273
42243,4273
42244,4273
42245,4273
42246,4273
42247,4273
42248,4273
42249,4273
42250,4273
42251,4273
42252,4273
42253,4273
42254,4273
42255,4273
42256,4273
42257,4273
42258,4273
42259,4273
42260,4273
42261,4273
42262,4273
42263,4273
42264,4273
42265,4273
42266,4273
42267,4273
42268,4273
42269,4273
42270,4273
42271,4273
42272,4273
42273,4273
42274,4273
42275,4273
42276,4273
42277,4273
42278,4273
42279,4273
42280,4273
42281,4273
42282,4273
42283,4273
42284,4273
42285,4273
42286,4273
42287,4273
42288,4273
42289,4273
42290,4273
42291,4273
42292,4273
42293,4273
42294,4273
42295,4273
42296,4273
42297,4273
42298,4273
42299,4273
42300,4273
42301,4273
42302,4273
42303,4273
42304,4273
42305,4273
42306,4273
42307,4273
42308,4273
42309,4273
42310,4273
42311,4273
42312,4273
42313,4273
42314,4273
42315,4273
42316,4273
42317,4273
42318,4273
42319,4273
42320,4273
42321,4273
42322,4278
42323,4278
42324,4278
42325,4278
42326,4278
42327,4278
42328,4278
42329,4278
42330,4278
42331,4278
42332,4278
42333,4278
42334,4278
42335,4278
42336,4278
42337,4278
42338,4278
42339,4278
42340,4278
42341,4278
42342,4278
42343,4278
42344,4278
42345,4278
42346,4278
42347,4278
42348,4278
42349,4278
42350,4278
42351,4278
42352,4278
42353,4278
42354,4278
42355,4278
42356,4278
42357,4278
42358,4278
42359,4278
42360,4278
42361,4278
42362,4278
42363,4278
42364,4278
42365,4278
42366,4278
42367,4278
42368,4278
42369,4278
42370,4278
42371,4278
42372,4278
42373,4278
42374,4278
42375,4278
42376,4278
42377,4278
42378,4278
42379,4278
42380,4278
42381,4278
42382,4278
42383,4278
42384,4278
42385,4278
42386,4278
42387,4278
42388,4278
42389,4278
42390,4278
42391,4278
42392,4278
42393,4278
42394,4278
42395,4278
42396,4278
42397,4278
42398,4278
42399,4278
42400,4278
42401,4278
42402,4278
42403,4278
42404,4278
42405,4278
42406,4278
42407,4278
42408,4278
42409,4278
42410,4278
42411,4278
42412,4278
42413,4278
42414,4278
42415,4278
42416,4278
42417,4278
42418,4278
42419,4278
42420,4278
42421,4278
42422,4278
42423,4278
42424,4278
42425,4278
42426,4278
42427,4278
42428,4278
42429,4278
42430,4278
42431,4278
42432,4278
42433,4278
42434,4278
42435,4278
42436,4278
42437,4278
42438,4278
42439,4278
42440,4278
42441,4278
42442,4278
42443,4278
42444,4278
42445,4278
42446,4278
42447,4278
42448,4278
42449,4278
42450,4278
42451,4278
42452,4278
42453,4278
42454,4278
42455,4278
42456,4278
42457,4278
42458,4278
42459,4278
42460,4278
42461,4278
42462,4278
42463,4278
42464,4278
42465,4278
42466,4278
42467,4278
42468,4278
42469,4278
42470,4278
42471,4278
42472,4278
42473,4278
42474,4278
42475,4278
42476,4278
42477,4278
42478,4278
42479,4278
42480,4278
42481,4278
42482,4278
42483,4278
42484,4278
42485,4278
42486,4278
42487,4279
42488,4279
42489,4279
42490,4279
42491,4279
42492,4279
42493,4279
42494,4279
42495,4279
42496,4279
42497,4279
42498,4279
42499,4279
42500,4279
42501,4279
42502,4279
42503,4279
42504,4279
42505,4279
42506,4279
42507,4279
42508,4279
42509,4279
42510,4279
42511,4279
42512,4279
42513,4279
42514,4279
42515,4279
42516,4279
42517,4279
42518,4279
42519,4279
42520,4279
42521,4279
42522,4279
42523,4279
42524,4279
42525,4280
42526,4280
42527,4280
42528,4280
42529,4280
42530,4280
42531,4280
42532,4280
42533,4280
42534,4280
42535,4280
42536,4280
42537,4280
42538,4280
42539,4280
42540,4280
42541,4280
42542,4280
42543,4280
42544,4280
42545,4280
42546,4280
42547,4280
42548,4280
42549,4280
42550,4280
42551,4280
42552,4280
42553,4280
42554,4280
42555,4280
42556,4280
42557,4280
42558,4280
42559,4280
42560,4280
42561,4280
42562,4280
42563,4280
42564,4280
42565,4317
42566,4317
42567,4317
42568,4317
42569,4317
42570,4317
42571,4317
42572,4317
42573,4317
42574,4317
42575,4317
42576,4317
42577,4317
42578,4317
42579,4317
42580,4317
42581,4317
42582,4317
42583,4317
42584,4317
42585,4317
42586,4317
42587,4317
42588,4317
42589,4317
42590,4317
42591,4317
42592,4317
42593,4317
42594,4317
42595,4317
42596,4317
42597,4317
42598,4317
42599,4317
42600,4317
42601,4317
42602,4317
42603,4317
42604,4317
42605,4317
42606,4317
42607,4317
42608,4317
42609,4317
42610,4317
42611,4317
42612,4317
42613,4317
42614,4317
42615,4317
42616,4317
42617,4317
42618,4317
42619,4317
42620,4317
42621,4317
42622,4317
42623,4317
42624,4317
42625,4317
42626,4317
42627,4317
42628,4317
42629,4317
42630,4317
42631,4317
42632,4317
42633,4317
42634,4317
42635,4317
42636,4317
42637,4317
42638,4317
42639,4317
42640,4317
42641,4317
42642,4317
42643,4317
42644,4317
42645,4317
42646,4317
42647,4317
42648,4317
42649,4317
42650,4317
42651,4317
42652,4317
42653,4317
42654,4317
42655,4317
42656,4317
42657,4317
42658,4317
42659,4317
42660,4317
42661,4317
42662,4317
42663,4317
42664,4317
42665,4317
42666,4317
42667,4317
42668,4317
42669,4317
42670,4317
42671,4317
42672,4317
42673,4317
42674,4317
42675,4317
42676,4317
42677,4317
42678,4317
42679,4317
42680,4317
42681,4317
42682,4317
42683,4317
42684,4317
42685,4317
42686,4317
42687,4317
42688,4317
42689,4317
42690,4317
42691,4317
42692,4317
42693,4317
42694,4317
42695,4317
42696,4317
42697,4317
42698,4317
42699,4317
42700,4317
42701,4317
42702,4317
42703,4317
42704,4317
42705,4317
42706,4317
42707,4317
42708,4317
42709,4317
42710,4317
42711,4317
42712,4317
42713,4317
42714,4317
42715,4317
42716,4317
42717,4317
42718,4317
42719,4317
42720,4317
42721,4317
42722,4317
42723,4317
42724,4317
42725,4317
42726,4317
42727,4317
42728,4317
42729,4317
42730,4317
42731,4317
42732,4317
42733,4317
42734,4317
42735,4317
42736,4317
42737,4317
42738,4317
42739,4317
42740,4317
42741,4317
42742,4317
42743,4317
42744,4317
42745,4317
42746,4317
42747,4317
42748,4317
42749,4317
42750,4317
42751,4317
42752,4317
42753,4317
42754,4317
42755,4317
42756,4317
42757,4317
42758,4317
42759,4317
42760,4317
42761,4317
42762,4317
42763,4317
42764,4317
42765,4317
42766,4319
42767,4319
42768,4319
42769,4319
42770,4319
42771,4319
42772,4319
42773,4319
42774,4319
42775,4319
42776,4319
42777,4319
42778,4319
42779,4319
42780,4319
42781,4319
42782,4319
42783,4319
42784,4319
42785,4319
42786,4319
42787,4319
42788,4319
42789,4319
42790,4319
42791,4319
42792,4319
42793,4319
42794,4319
42795,4319
42796,4319
42797,4319
42798,4319
42799,4319
42800,4319
42801,4319
42802,4319
42803,4319
42804,4319
42805,4319
42806,4319
42807,4319
42808,4319
42809,4319
42810,4319
42811,4319
42812,4319
42813,4319
42814,4319
42815,4319
42816,4319
42817,4319
42818,4319
42819,4319
42820,4319
42821,4319
42822,4319
42823,4319
42824,4319
42825,4319
42826,4319
42827,4319
42828,4319
42829,4319
42830,4319
42831,4319
42832,4319
42833,4319
42834,4319
42835,4319
42836,4319
42837,4319
42838,4319
42839,4319
42840,4319
42841,4319
42842,4319
42843,4319
42844,4319
42845,4319
42846,4319
42847,4319
42848,4319
42849,4319
42850,4319
42851,4319
42852,4319
42853,4319
42854,4319
42855,4319
42856,4319
42857,4319
42858,4319
42859,4319
42860,4319
42861,4319
42862,4319
42863,4319
42864,4319
42865,4319
42866,4319
42867,4319
42868,4319
42869,4319
42870,4319
42871,4319
42872,4319
42873,4319
42874,4319
42875,4319
42876,4319
42877,4319
42878,4319
42879,4319
42880,4319
42881,4319
42882,4319
42883,4319
42884,4319
42885,4319
42886,4319
42887,4319
42888,4319
42889,4319
42890,4319
42891,4319
42892,4319
42893,4319
42894,4319
42895,4319
42896,4319
42897,4319
42898,4319
42899,4319
42900,4319
42901,4319
42902,4319
42903,4319
42904,4319
42905,4319
42906,4319
42907,4319
42908,4319
42909,4319
42910,4319
42911,4319
42912,4319
42913,4320
42914,4320
42915,4320
42916,4320
42917,4320
42918,4320
42919,4320
42920,4320
42921,4320
42922,4320
42923,4320
42924,4320
42925,4320
42926,4320
42927,4320
42928,4320
42929,4320
42930,4320
42931,4320
42932,4320
42933,4320
42934,4320
42935,4320
42936,4320
42937,4320
42938,4320
42939,4320
42940,4320
42941,4320
42942,4320
42943,4320
42944,4320
42945,4320
42946,4320
42947,4320
42948,4320
42949,4320
42950,4320
42951,4320
42952,4320
42953,4320
42954,4320
42955,4320
42956,4320
42957,4320
42958,4320
42959,4320
42960,4331
42961,4331
42962,4331
42963,4331
42964,4344
42965,4344
42966,4344
42967,4344
42968,4344
42969,4344
42970,4344
42971,4344
42972,4344
42973,4344
42974,4344
42975,4344
42976,4344
42977,4344
42978,4344
42979,4344
42980,4344
42981,4344
42982,4344
42983,4344
42984,4344
42985,4344
42986,4344
42987,4344
42988,4344
42989,4344
42990,4344
42991,4344
42992,4344
42993,4344
42994,4344
42995,4344
42996,4344
42997,4344
42998,4344
42999,4344
43000,4344
43001,4344
43002,4344
43003,4344
43004,4344
43005,4344
43006,4344
43007,4344
43008,4344
43009,4344
43010,4344
43011,4344
43012,4344
43013,4344
43014,4344
43015,4344
43016,4344
43017,4344
43018,4344
43019,4344
43020,4344
43021,4344
43022,4344
43023,4344
43024,4344
43025,4344
43026,4344
43027,4344
43028,4344
43029,4344
43030,4344
43031,4344
43032,4344
43033,4344
43034,4344
43035,4344
43036,4344
43037,4344
43038,4344
43039,4344
43040,4344
43041,4344
43042,4344
43043,4344
43044,4344
43045,4344
43046,4344
43047,4344
43048,4344
43049,4344
43050,4344
43051,4344
43052,4344
43053,4344
43054,4344
43055,4344
43056,4344
43057,4344
43058,4344
43059,4344
43060,4344
43061,4344
43062,4344
43063,4344
43064,4344
43065,4344
43066,4344
43067,4344
43068,4344
43069,4344
43070,4344
43071,4344
43072,4344
43073,4344
43074,4344
43075,4344
43076,4344
43077,4344
43078,4344
43079,4344
43080,4344
43081,4344
43082,4344
43083,4344
43084,4344
43085,4344
43086,4344
43087,4344
43088,4344
43089,4344
43090,4344
43091,4344
43092,4344
43093,4344
43094,4344
43095,4344
43096,4344
43097,4344
43098,4344
43099,4344
43100,4344
43101,4344
43102,4344
43103,4344
43104,4344
43105,4344
43106,4344
43107,4344
43108,4344
43109,4344
43110,4344
43111,4344
43112,4344
43113,4344
43114,4344
43115,4344
43116,4344
43117,4344
43118,4344
43119,4344
43120,4344
43121,4344
43122,4344
43123,4344
43124,4344
43125,4344
43126,4344
43127,4344
43128,4344
43129,4344
43130,4344
43131,4344
43132,4344
43133,4344
43134,4344
43135,4344
43136,4344
43137,4344
43138,4344
43139,4344
43140,4344
43141,4344
43142,4344
43143,4344
43144,4344
43145,4344
43146,4344
43147,4344
43148,4344
43149,4344
43150,4344
43151,4344
43152,4344
43153,4344
43154,4344
43155,4344
43156,4344
43157,4344
43158,4344
43159,4344
43160,4344
43161,4344
43162,4344
43163,4344
43164,4344
43165,4344
43166,4344
43167,4344
43168,4344
43169,4344
43170,4344
43171,4344
43172,4344
43173,4344
43174,4344
43175,4344
43176,4344
43177,4344
43178,4344
43179,4344
43180,4344
43181,4344
43182,4344
43183,4344
43184,4344
43185,4344
43186,4344
43187,4344
43188,4344
43189,4344
43190,4344
43191,4344
43192,4344
43193,4344
43194,4344
43195,4344
43196,4344
43197,4344
43198,4344
43199,4344
43200,4344
43201,4344
43202,4344
43203,4344
43204,4344
43205,4344
43206,4344
43207,4344
43208,4344
43209,4344
43210,4344
43211,4344
43212,4344
43213,4344
43214,4344
43215,4344
43216,4344
43217,4344
43218,4344
43219,4344
43220,4344
43221,4344
43222,4344
43223,4344
43224,4344
43225,4344
43226,4344
43227,4344
43228,4344
43229,4344
43230,4344
43231,4344
43232,4344
43233,4344
43234,4344
43235,4344
43236,4344
43237,4344
43238,4344
43239,4344
43240,4344
43241,4344
43242,4344
43243,4344
43244,4344
43245,4344
43246,4344
43247,4344
43248,4344
43249,4344
43250,4344
43251,4344
43252,4344
43253,4344
43254,4344
43255,4344
43256,4344
43257,4344
43258,4344
43259,4344
43260,4344
43261,4344
43262,4344
43263,4344
43264,4344
43265,4344
43266,4344
43267,4344
43268,4344
43269,4344
43270,4344
43271,4344
43272,4344
43273,4344
43274,4344
43275,4344
43276,4344
43277,4344
43278,4344
43279,4344
43280,4344
43281,4344
43282,4344
43283,4344
43284,4344
43285,4344
43286,4344
43287,4344
43288,4344
43289,4344
43290,4344
43291,4344
43292,4344
43293,4344
43294,4344
43295,4344
43296,4344
43297,4344
43298,4344
43299,4344
43300,4344
43301,4344
43302,4344
43303,4344
43304,4344
43305,4344
43306,4344
43307,4344
43308,4344
43309,4344
43310,4344
43311,4344
43312,4344
43313,4344
43314,4344
43315,4344
43316,4344
43317,4344
43318,4344
43319,4344
43320,4344
43321,4344
43322,4344
43323,4344
43324,4344
43325,4344
43326,4344
43327,4344
43328,4344
43329,4344
43330,4344
43331,4344
43332,4344
43333,4344
43334,4344
43335,4344
43336,4344
43337,4344
43338,4344
43339,4344
43340,4344
43341,4344
43342,4344
43343,4344
43344,4344
43345,4344
43346,4344
43347,4344
43348,4344
43349,4344
43350,4344
43351,4344
43352,4344
43353,4344
43354,4344
43355,4344
43356,4344
43357,4344
43358,4344
43359,4344
43360,4344
43361,4344
43362,4344
43363,4344
43364,4344
43365,4344
43366,4344
43367,4344
43368,4344
43369,4344
43370,4344
43371,4344
43372,4344
43373,4344
43374,4344
43375,4344
43376,4344
43377,4344
43378,4344
43379,4344
43380,4344
43381,4344
43382,4344
43383,4344
43384,4344
43385,4344
43386,4344
43387,4344
43388,4344
43389,4344
43390,4344
43391,4344
43392,4344
43393,4344
43394,4344
43395,4344
43396,4344
43397,4344
43398,4344
43399,4344
43400,4344
43401,4344
43402,4344
43403,4344
43404,4344
43405,4344
43406,4344
43407,4344
43408,4344
43409,4344
43410,4344
43411,4344
43412,4344
43413,4344
43414,4344
43415,4344
43416,4344
43417,4344
43418,4344
43419,4344
43420,4344
43421,4344
43422,4344
43423,4344
43424,4344
43425,4344
43426,4344
43427,4344
43428,4344
43429,4344
43430,4344
43431,4344
43432,4344
43433,4344
43434,4344
43435,4344
43436,4344
43437,4344
43438,4344
43439,4345
43440,4345
43441,4345
43442,4345
43443,4345
43444,4345
43445,4345
43446,4345
43447,4345
43448,4345
43449,4345
43450,4345
43451,4345
43452,4345
43453,4345
43454,4345
43455,4345
43456,4345
43457,4345
43458,4345
43459,4345
43460,4345
43461,4345
43462,4345
43463,4345
43464,4345
43465,4345
43466,4345
43467,4345
43468,4345
43469,4345
43470,4345
43471,4345
43472,4345
43473,4345
43474,4345
43475,4345
43476,4345
43477,4347
43478,4347
43479,4347
43480,4347
43481,4347
43482,4347
43483,4347
43484,4347
43485,4347
43486,4347
43487,4347
43488,4347
43489,4347
43490,4347
43491,4347
43492,4347
43493,4347
43494,4347
43495,4347
43496,4347
43497,4347
43498,4347
43499,4347
43500,4347
43501,4347
43502,4347
43503,4347
43504,4347
43505,4347
43506,4347
43507,4347
43508,4347
43509,4347
43510,4347
43511,4347
43512,4347
43513,4347
43514,4347
43515,4347
43516,4347
43517,4347
43518,4347
43519,4347
43520,4347
43521,4347
43522,4347
43523,4347
43524,4347
43525,4347
43526,4347
43527,4347
43528,4347
43529,4347
43530,4347
43531,4347
43532,4347
43533,4347
43534,4347
43535,4347
43536,4347
43537,4347
43538,4347
43539,4347
43540,4347
43541,4347
43542,4347
43543,4347
43544,4347
43545,4347
43546,4347
43547,4347
43548,4347
43549,4347
43550,4347
43551,4347
43552,4347
43553,4347
43554,4347
43555,4347
43556,4347
43557,4347
43558,4347
43559,4347
43560,4347
43561,4347
43562,4347
43563,4347
43564,4347
43565,4347
43566,4347
43567,4347
43568,4347
43569,4347
43570,4347
43571,4347
43572,4347
43573,4347
43574,4347
43575,4347
43576,4347
43577,4347
43578,4347
43579,4347
43580,4347
43581,4347
43582,4347
43583,4347
43584,4347
43585,4347
43586,4347
43587,4347
43588,4347
43589,4347
43590,4347
43591,4347
43592,4347
43593,4347
43594,4347
43595,4347
43596,4347
43597,4347
43598,4347
43599,4347
43600,4347
43601,4347
43602,4347
43603,4347
43604,4347
43605,4347
43606,4347
43607,4347
43608,4347
43609,4347
43610,4347
43611,4347
43612,4347
43613,4347
43614,4347
43615,4347
43616,4347
43617,4347
43618,4347
43619,4347
43620,4347
43621,4347
43622,4347
43623,4347
43624,4347
43625,4347
43626,4347
43627,4347
43628,4347
43629,4347
43630,4347
43631,4347
43632,4347
43633,4347
43634,4347
43635,4347
43636,4347
43637,4347
43638,4347
43639,4347
43640,4347
43641,4347
43642,4347
43643,4347
43644,4347
43645,4347
43646,4347
43647,4347
43648,4347
43649,4347
43650,4347
43651,4347
43652,4347
43653,4347
43654,4347
43655,4347
43656,4347
43657,4347
43658,4347
43659,4347
43660,4347
43661,4347
43662,4347
43663,4347
43664,4347
43665,4347
43666,4347
43667,4347
43668,4347
43669,4347
43670,4347
43671,4347
43672,4347
43673,4347
43674,4347
43675,4347
43676,4347
43677,4347
43678,4347
43679,4347
43680,4347
43681,4347
43682,4347
43683,4347
43684,4347
43685,4351
43686,4351
43687,4351
43688,4351
43689,4351
43690,4351
43691,4351
43692,4351
43693,4351
43694,4351
43695,4351
43696,4351
43697,4351
43698,4351
43699,4351
43700,4351
43701,4351
43702,4351
43703,4351
43704,4351
43705,4351
43706,4351
43707,4351
43708,4351
43709,4351
43710,4351
43711,4351
43712,4351
43713,4351
43714,4351
43715,4351
43716,4351
43717,4351
43718,4351
43719,4351
43720,4351
43721,4351
43722,4351
43723,4351
43724,4351
43725,4351
43726,4351
43727,4351
43728,4351
43729,4351
43730,4351
43731,4351
43732,4351
43733,4351
43734,4351
43735,4351
43736,4351
43737,4351
43738,4351
43739,4351
43740,4351
43741,4351
43742,4351
43743,4351
43744,4351
43745,4351
43746,4351
43747,4351
43748,4351
43749,4351
43750,4351
43751,4351
43752,4351
43753,4351
43754,4351
43755,4351
43756,4351
43757,4351
43758,4351
43759,4351
43760,4351
43761,4351
43762,4351
43763,4351
43764,4351
43765,4351
43766,4351
43767,4351
43768,4351
43769,4351
43770,4351
43771,4351
43772,4351
43773,4351
43774,4351
43775,4351
43776,4351
43777,4351
43778,4351
43779,4351
43780,4351
43781,4351
43782,4351
43783,4351
43784,4351
43785,4351
43786,4351
43787,4351
43788,4351
43789,4351
43790,4351
43791,4351
43792,4351
43793,4351
43794,4351
43795,4351
43796,4351
43797,4351
43798,4351
43799,4351
43800,4351
43801,4351
43802,4351
43803,4351
43804,4351
43805,4351
43806,4351
43807,4351
43808,4351
43809,4351
43810,4351
43811,4351
43812,4351
43813,4351
43814,4351
43815,4351
43816,4351
43817,4351
43818,4351
43819,4351
43820,4351
43821,4351
43822,4351
43823,4351
43824,4351
43825,4351
43826,4351
43827,4351
43828,4351
43829,4351
43830,4351
43831,4351
43832,4351
43833,4351
43834,4351
43835,4351
43836,4351
43837,4351
43838,4351
43839,4351
43840,4351
43841,4351
43842,4351
43843,4351
43844,4351
43845,4351
43846,4351
43847,4351
43848,4351
43849,4351
43850,4351
43851,4351
43852,4351
43853,4351
43854,4351
43855,4351
43856,4351
43857,4351
43858,4351
43859,4351
43860,4351
43861,4351
43862,4351
43863,4351
43864,4351
43865,4351
43866,4351
43867,4351
43868,4351
43869,4351
43870,4351
43871,4351
43872,4351
43873,4351
43874,4351
43875,4351
43876,4351
43877,4351
43878,4351
43879,4351
43880,4351
43881,4351
43882,4351
43883,4351
43884,4351
43885,4351
43886,4351
43887,4351
43888,4351
43889,4351
43890,4351
43891,4351
43892,4351
43893,4351
43894,4351
43895,4351
43896,4351
43897,4351
43898,4351
43899,4351
43900,4351
43901,4351
43902,4351
43903,4351
43904,4351
43905,4351
43906,4351
43907,4351
43908,4351
43909,4351
43910,4351
43911,4351
43912,4351
43913,4351
43914,4351
43915,4351
43916,4351
43917,4351
43918,4351
43919,4351
43920,4351
43921,4351
43922,4351
43923,4351
43924,4351
43925,4351
43926,4351
43927,4351
43928,4351
43929,4351
43930,4351
43931,4351
43932,4351
43933,4351
43934,4351
43935,4351
43936,4351
43937,4351
43938,4351
43939,4351
43940,4351
43941,4351
43942,4351
43943,4351
43944,4351
43945,4351
43946,4351
43947,4351
43948,4351
43949,4351
43950,4351
43951,4351
43952,4351
43953,4351
43954,4351
43955,4351
43956,4351
43957,4351
43958,4351
43959,4351
43960,4351
43961,4351
43962,4351
43963,4351
43964,4351
43965,4351
43966,4351
43967,4351
43968,4351
43969,4351
43970,4351
43971,4351
43972,4351
43973,4351
43974,4351
43975,4351
43976,4351
43977,4351
43978,4351
43979,4351
43980,4351
43981,4351
43982,4351
43983,4351
43984,4351
43985,4351
43986,4351
43987,4351
43988,4351
43989,4351
43990,4351
43991,4351
43992,4351
43993,4351
43994,4351
43995,4351
43996,4351
43997,4351
43998,4351
43999,4351
44000,4351
44001,4351
44002,4351
44003,4351
44004,4351
44005,4351
44006,4351
44007,4351
44008,4351
44009,4351
44010,4351
44011,4351
44012,4351
44013,4351
44014,4351
44015,4351
44016,4351
44017,4351
44018,4351
44019,4351
44020,4351
44021,4351
44022,4351
44023,4351
44024,4351
44025,4351
44026,4351
44027,4351
44028,4351
44029,4351
44030,4351
44031,4351
44032,4351
44033,4351
44034,4351
44035,4351
44036,4351
44037,4351
44038,4351
44039,4351
44040,4351
44041,4351
44042,4351
44043,4351
44044,4351
44045,4351
44046,4351
44047,4351
44048,4351
44049,4351
44050,4351
44051,4351
44052,4351
44053,4351
44054,4351
44055,4351
44056,4351
44057,4351
44058,4351
44059,4351
44060,4351
44061,4351
44062,4351
44063,4351
44064,4351
44065,4351
44066,4351
44067,4351
44068,4351
44069,4351
44070,4351
44071,4351
44072,4351
44073,4351
44074,4351
44075,4351
44076,4351
44077,4351
44078,4351
44079,4351
44080,4351
44081,4351
44082,4351
44083,4351
44084,4351
44085,4351
44086,4351
44087,4351
44088,4351
44089,4351
44090,4358
44091,4358
44092,4358
44093,4358
44094,4358
44095,4358
44096,4358
44097,4358
44098,4358
44099,4358
44100,4358
44101,4358
44102,4358
44103,4358
44104,4358
44105,4358
44106,4358
44107,4358
44108,4358
44109,4369
44110,4369
44111,4369
44112,4369
44113,4369
44114,4369
44115,4369
44116,4369
44117,4369
44118,4369
44119,4369
44120,4369
44121,4369
44122,4369
44123,4369
44124,4369
44125,4369
44126,4369
44127,4369
44128,4369
44129,4369
44130,4369
44131,4369
44132,4369
44133,4369
44134,4369
44135,4369
44136,4369
44137,4369
44138,4369
44139,4369
44140,4369
44141,4369
44142,4369
44143,4369
44144,4369
44145,4369
44146,4369
44147,4369
44148,4369
44149,4369
44150,4369
44151,4369
44152,4370
44153,4370
44154,4370
44155,4370
44156,4370
44157,4370
44158,4370
44159,4370
44160,4370
44161,4370
44162,4370
44163,4370
44164,4370
44165,4370
44166,4370
44167,4370
44168,4370
44169,4370
44170,4370
44171,4370
44172,4370
44173,4370
44174,4370
44175,4370
44176,4370
44177,4370
44178,4370
44179,4370
44180,4370
44181,4370
44182,4370
44183,4370
44184,4370
44185,4370
44186,4370
44187,4370
44188,4370
44189,4370
44190,4370
44191,4370
44192,4370
44193,4370
44194,4370
44195,4370
44196,4370
44197,4370
44198,4370
44199,4370
44200,4370
44201,4370
44202,4370
44203,4370
44204,4370
44205,4370
44206,4370
44207,4370
44208,4370
44209,4370
44210,4370
44211,4370
44212,4370
44213,4370
44214,4370
44215,4370
44216,4370
44217,4370
44218,4370
44219,4370
44220,4370
44221,4370
44222,4370
44223,4370
44224,4370
44225,4370
44226,4370
44227,4370
44228,4370
44229,4370
44230,4370
44231,4370
44232,4370
44233,4370
44234,4370
44235,4370
44236,4370
44237,4370
44238,4370
44239,4370
44240,4370
44241,4370
44242,4370
44243,4370
44244,4370
44245,4370
44246,4370
44247,4370
44248,4370
44249,4370
44250,4370
44251,4370
44252,4370
44253,4370
44254,4370
44255,4370
44256,4370
44257,4370
44258,4370
44259,4370
44260,4370
44261,4370
44262,4370
44263,4370
44264,4370
44265,4370
44266,4370
44267,4370
44268,4370
44269,4370
44270,4370
44271,4370
44272,4370
44273,4370
44274,4370
44275,4370
44276,4370
44277,4370
44278,4370
44279,4370
44280,4370
44281,4370
44282,4370
44283,4370
44284,4370
44285,4370
44286,4370
44287,4370
44288,4370
44289,4370
44290,4370
44291,4370
44292,4370
44293,4370
44294,4370
44295,4370
44296,4370
44297,4370
44298,4370
44299,4370
44300,4370
44301,4370
44302,4370
44303,4370
44304,4370
44305,4370
44306,4370
44307,4370
44308,4370
44309,4370
44310,4370
44311,4370
44312,4370
44313,4370
44314,4370
44315,4370
44316,4370
44317,4370
44318,4370
44319,4370
44320,4370
44321,4370
44322,4370
44323,4370
44324,4370
44325,4370
44326,4370
44327,4370
44328,4370
44329,4370
44330,4370
44331,4370
44332,4370
44333,4370
44334,4370
44335,4370
44336,4370
44337,4370
44338,4370
44339,4370
44340,4370
44341,4370
44342,4370
44343,4370
44344,4370
44345,4370
44346,4370
44347,4370
44348,4370
44349,4370
44350,4370
44351,4370
44352,4370
44353,4370
44354,4370
44355,4370
44356,4370
44357,4370
44358,4370
44359,4370
44360,4370
44361,4370
44362,4370
44363,4370
44364,4370
44365,4370
44366,4370
44367,4370
44368,4370
44369,4370
44370,4370
44371,4370
44372,4370
44373,4370
44374,4370
44375,4370
44376,4370
44377,4370
44378,4370
44379,4370
44380,4370
44381,4370
44382,4370
44383,4370
44384,4370
44385,4370
44386,4370
44387,4370
44388,4370
44389,4370
44390,4370
44391,4370
44392,4370
44393,4370
44394,4370
44395,4370
44396,4370
44397,4370
44398,4370
44399,4370
44400,4370
44401,4370
44402,4370
44403,4370
44404,4370
44405,4370
44406,4370
44407,4370
44408,4370
44409,4370
44410,4370
44411,4370
44412,4370
44413,4370
44414,4370
44415,4370
44416,4370
44417,4370
44418,4370
44419,4370
44420,4370
44421,4370
44422,4370
44423,4370
44424,4370
44425,4370
44426,4370
44427,4370
44428,4370
44429,4370
44430,4370
44431,4370
44432,4370
44433,4370
44434,4370
44435,4370
44436,4370
44437,4370
44438,4370
44439,4370
44440,4370
44441,4370
44442,4370
44443,4370
44444,4370
44445,4370
44446,4370
44447,4370
44448,4370
44449,4370
44450,4370
44451,4370
44452,4370
44453,4370
44454,4370
44455,4370
44456,4370
44457,4370
44458,4370
44459,4370
44460,4370
44461,4370
44462,4370
44463,4370
44464,4370
44465,4370
44466,4370
44467,4370
44468,4370
44469,4370
44470,4370
44471,4370
44472,4370
44473,4370
44474,4370
44475,4370
44476,4370
44477,4370
44478,4370
44479,4370
44480,4370
44481,4370
44482,4370
44483,4370
44484,4370
44485,4370
44486,4370
44487,4370
44488,4370
44489,4370
44490,4370
44491,4370
44492,4370
44493,4370
44494,4370
44495,4370
44496,4370
44497,4370
44498,4370
44499,4370
44500,4370
44501,4370
44502,4370
44503,4370
44504,4370
44505,4370
44506,4370
44507,4370
44508,4370
44509,4370
44510,4370
44511,4370
44512,4370
44513,4370
44514,4370
44515,4370
44516,4370
44517,4370
44518,4370
44519,4370
44520,4370
44521,4370
44522,4370
44523,4370
44524,4370
44525,4370
44526,4370
44527,4370
44528,4370
44529,4370
44530,4370
44531,4370
44532,4370
44533,4370
44534,4370
44535,4370
44536,4370
44537,4370
44538,4370
44539,4370
44540,4370
44541,4370
44542,4370
44543,4370
44544,4370
44545,4370
44546,4370
44547,4370
44548,4370
44549,4370
44550,4370
44551,4370
44552,4370
44553,4370
44554,4370
44555,4370
44556,4370
44557,4370
44558,4370
44559,4370
44560,4370
44561,4370
44562,4370
44563,4370
44564,4370
44565,4370
44566,4370
44567,4370
44568,4370
44569,4370
44570,4370
44571,4370
44572,4370
44573,4370
44574,4370
44575,4370
44576,4370
44577,4370
44578,4370
44579,4370
44580,4370
44581,4370
44582,4370
44583,4370
44584,4370
44585,4370
44586,4370
44587,4370
44588,4370
44589,4370
44590,4370
44591,4370
44592,4370
44593,4370
44594,4370
44595,4370
44596,4370
44597,4370
44598,4370
44599,4370
44600,4370
44601,4370
44602,4370
44603,4370
44604,4370
44605,4370
44606,4370
44607,4370
44608,4370
44609,4370
44610,4370
44611,4370
44612,4370
44613,4370
44614,4370
44615,4370
44616,4370
44617,4370
44618,4370
44619,4370
44620,4370
44621,4370
44622,4370
44623,4370
44624,4370
44625,4370
44626,4370
44627,4370
44628,4370
44629,4370
44630,4370
44631,4370
44632,4370
44633,4370
44634,4370
44635,4370
44636,4370
44637,4370
44638,4370
44639,4370
44640,4370
44641,4370
44642,4370
44643,4370
44644,4370
44645,4370
44646,4370
44647,4370
44648,4370
44649,4370
44650,4370
44651,4370
44652,4370
44653,4370
44654,4370
44655,4370
44656,4370
44657,4370
44658,4370
44659,4370
44660,4370
44661,4370
44662,4370
44663,4370
44664,4370
44665,4370
44666,4370
44667,4370
44668,4370
44669,4370
44670,4370
44671,4370
44672,4370
44673,4370
44674,4370
44675,4370
44676,4370
44677,4370
44678,4370
44679,4370
44680,4370
44681,4370
44682,4370
44683,4370
44684,4370
44685,4370
44686,4370
44687,4370
44688,4370
44689,4370
44690,4370
44691,4370
44692,4370
44693,4370
44694,4370
44695,4370
44696,4370
44697,4370
44698,4370
44699,4370
44700,4370
44701,4370
44702,4370
44703,4370
44704,4370
44705,4370
44706,4371
44707,4371
44708,4371
44709,4371
44710,4371
44711,4371
44712,4371
44713,4371
44714,4371
44715,4371
44716,4371
44717,4371
44718,4371
44719,4371
44720,4371
44721,4371
44722,4371
44723,4371
44724,4371
44725,4371
44726,4371
44727,4371
44728,4371
44729,4371
44730,4371
44731,4371
44732,4371
44733,4371
44734,4371
44735,4371
44736,4371
44737,4371
44738,4371
44739,4371
44740,4371
44741,4371
44742,4371
44743,4371
44744,4371
44745,4371
44746,4371
44747,4371
44748,4371
44749,4371
44750,4371
44751,4371
44752,4371
44753,4371
44754,4371
44755,4371
44756,4371
44757,4371
44758,4371
44759,4371
44760,4371
44761,4371
44762,4371
44763,4371
44764,4371
44765,4371
44766,4371
44767,4371
44768,4371
44769,4371
44770,4371
44771,4371
44772,4371
44773,4371
44774,4371
44775,4371
44776,4371
44777,4371
44778,4371
44779,4371
44780,4371
44781,4371
44782,4371
44783,4371
44784,4371
44785,4371
44786,4371
44787,4371
44788,4371
44789,4371
44790,4371
44791,4371
44792,4371
44793,4371
44794,4371
44795,4371
44796,4371
44797,4371
44798,4371
44799,4371
44800,4371
44801,4371
44802,4371
44803,4371
44804,4371
44805,4371
44806,4371
44807,4371
44808,4371
44809,4371
44810,4371
44811,4371
44812,4371
44813,4371
44814,4371
44815,4371
44816,4371
44817,4371
44818,4371
44819,4371
44820,4371
44821,4371
44822,4371
44823,4371
44824,4371
44825,4371
44826,4371
44827,4371
44828,4371
44829,4371
44830,4371
44831,4371
44832,4371
44833,4371
44834,4371
44835,4371
44836,4371
44837,4371
44838,4371
44839,4371
44840,4371
44841,4371
44842,4371
44843,4371
44844,4371
44845,4371
44846,4371
44847,4371
44848,4371
44849,4371
44850,4371
44851,4371
44852,4371
44853,4371
44854,4371
44855,4371
44856,4371
44857,4371
44858,4371
44859,4371
44860,4371
44861,4371
44862,4371
44863,4371
44864,4371
44865,4371
44866,4371
44867,4371
44868,4371
44869,4371
44870,4371
44871,4371
44872,4371
44873,4371
44874,4371
44875,4371
44876,4371
44877,4371
44878,4371
44879,4371
44880,4371
44881,4371
44882,4371
44883,4371
44884,4371
44885,4371
44886,4371
44887,4371
44888,4371
44889,4371
44890,4371
44891,4371
44892,4371
44893,4371
44894,4371
44895,4371
44896,4371
44897,4371
44898,4371
44899,4371
44900,4371
44901,4371
44902,4371
44903,4371
44904,4371
44905,4371
44906,4371
44907,4371
44908,4371
44909,4371
44910,4371
44911,4371
44912,4371
44913,4371
44914,4371
44915,4371
44916,4371
44917,4371
44918,4371
44919,4371
44920,4371
44921,4371
44922,4371
44923,4371
44924,4371
44925,4371
44926,4371
44927,4371
44928,4371
44929,4371
44930,4371
44931,4371
44932,4371
44933,4371
44934,4371
44935,4371
44936,4371
44937,4371
44938,4371
44939,4371
44940,4371
44941,4371
44942,4371
44943,4371
44944,4371
44945,4371
44946,4371
44947,4371
44948,4371
44949,4371
44950,4371
44951,4371
44952,4371
44953,4371
44954,4371
44955,4371
44956,4371
44957,4371
44958,4371
44959,4371
44960,4371
44961,4371
44962,4371
44963,4371
44964,4371
44965,4371
44966,4371
44967,4371
44968,4371
44969,4371
44970,4371
44971,4371
44972,4371
44973,4371
44974,4371
44975,4371
44976,4371
44977,4371
44978,4371
44979,4371
44980,4371
44981,4371
44982,4371
44983,4371
44984,4371
44985,4371
44986,4371
44987,4371
44988,4371
44989,4371
44990,4371
44991,4371
44992,4371
44993,4371
44994,4371
44995,4371
44996,4371
44997,4371
44998,4371
44999,4371
45000,4371
45001,4371
45002,4371
45003,4371
45004,4371
45005,4371
45006,4371
45007,4371
45008,4371
45009,4371
45010,4371
45011,4371
45012,4371
45013,4371
45014,4371
45015,4371
45016,4371
45017,4371
45018,4371
45019,4371
45020,4371
45021,4371
45022,4371
45023,4371
45024,4371
45025,4371
45026,4371
45027,4371
45028,4371
45029,4371
45030,4371
45031,4371
45032,4371
45033,4371
45034,4371
45035,4371
45036,4371
45037,4371
45038,4371
45039,4371
45040,4371
45041,4371
45042,4371
45043,4371
45044,4371
45045,4371
45046,4371
45047,4371
45048,4371
45049,4371
45050,4371
45051,4371
45052,4371
45053,4371
45054,4371
45055,4371
45056,4371
45057,4371
45058,4371
45059,4371
45060,4371
45061,4371
45062,4371
45063,4371
45064,4371
45065,4371
45066,4371
45067,4371
45068,4371
45069,4371
45070,4371
45071,4371
45072,4371
45073,4371
45074,4371
45075,4371
45076,4371
45077,4371
45078,4371
45079,4371
45080,4371
45081,4371
45082,4371
45083,4371
45084,4371
45085,4371
45086,4371
45087,4371
45088,4371
45089,4371
45090,4371
45091,4371
45092,4371
45093,4371
45094,4371
45095,4371
45096,4371
45097,4371
45098,4371
45099,4371
45100,4371
45101,4371
45102,4371
45103,4371
45104,4371
45105,4371
45106,4371
45107,4371
45108,4371
45109,4371
45110,4371
45111,4371
45112,4371
45113,4371
45114,4371
45115,4371
45116,4371
45117,4371
45118,4371
45119,4371
45120,4371
45121,4371
45122,4371
45123,4371
45124,4371
45125,4371
45126,4371
45127,4371
45128,4371
45129,4371
45130,4371
45131,4371
45132,4371
45133,4371
45134,4371
45135,4371
45136,4371
45137,4371
45138,4371
45139,4371
45140,4371
45141,4371
45142,4371
45143,4371
45144,4371
45145,4371
45146,4371
45147,4371
45148,4371
45149,4371
45150,4371
45151,4371
45152,4371
45153,4371
45154,4371
45155,4371
45156,4371
45157,4371
45158,4371
45159,4371
45160,4371
45161,4371
45162,4371
45163,4371
45164,4371
45165,4371
45166,4371
45167,4371
45168,4371
45169,4371
45170,4371
45171,4371
45172,4371
45173,4371
45174,4371
45175,4371
45176,4371
45177,4371
45178,4371
45179,4371
45180,4371
45181,4371
45182,4371
45183,4371
45184,4371
45185,4371
45186,4371
45187,4371
45188,4371
45189,4371
45190,4371
45191,4371
45192,4371
45193,4371
45194,4371
45195,4371
45196,4371
45197,4371
45198,4371
45199,4371
45200,4371
45201,4371
45202,4371
45203,4371
45204,4371
45205,4371
45206,4371
45207,4371
45208,4371
45209,4371
45210,4371
45211,4371
45212,4371
45213,4371
45214,4371
45215,4371
45216,4371
45217,4371
45218,4371
45219,4371
45220,4371
45221,4371
45222,4371
45223,4371
45224,4371
45225,4371
45226,4371
45227,4371
45228,4371
45229,4371
45230,4371
45231,4371
45232,4371
45233,4371
45234,4371
45235,4371
45236,4371
45237,4371
45238,4371
45239,4371
45240,4371
45241,4371
45242,4371
45243,4371
45244,4371
45245,4371
45246,4371
45247,4371
45248,4371
45249,4371
45250,4371
45251,4371
45252,4371
45253,4371
45254,4371
45255,4371
45256,4371
45257,4371
45258,4371
45259,4371
45260,4371
45261,4371
45262,4371
45263,4371
45264,4371
45265,4371
45266,4371
45267,4371
45268,4371
45269,4371
45270,4371
45271,4371
45272,4371
45273,4371
45274,4371
45275,4371
45276,4371
45277,4371
45278,4371
45279,4371
45280,4371
45281,4371
45282,4371
45283,4371
45284,4371
45285,4371
45286,4371
45287,4371
45288,4371
45289,4371
45290,4371
45291,4371
45292,4371
45293,4371
45294,4371
45295,4371
45296,4371
45297,4371
45298,4371
45299,4371
45300,4371
45301,4371
45302,4371
45303,4371
45304,4371
45305,4371
45306,4371
45307,4371
45308,4371
45309,4371
45310,4371
45311,4371
45312,4371
45313,4371
45314,4371
45315,4371
45316,4371
45317,4371
45318,4371
45319,4371
45320,4371
45321,4371
45322,4371
45323,4371
45324,4371
45325,4371
45326,4374
45327,4374
45328,4374
45329,4374
45330,4374
45331,4374
45332,4374
45333,4374
45334,4374
45335,4374
45336,4374
45337,4374
45338,4374
45339,4374
45340,4374
45341,4374
45342,4374
45343,4374
45344,4374
45345,4374
45346,4374
45347,4374
45348,4374
45349,4374
45350,4374
45351,4374
45352,4374
45353,4374
45354,4374
45355,4374
45356,4374
45357,4374
45358,4374
45359,4374
45360,4374
45361,4374
45362,4374
45363,4374
45364,4374
45365,4374
45366,4374
45367,4374
45368,4374
45369,4374
45370,4374
45371,4374
45372,4374
45373,4374
45374,4374
45375,4374
45376,4374
45377,4374
45378,4374
45379,4374
45380,4374
45381,4374
45382,4374
45383,4374
45384,4374
45385,4374
45386,4374
45387,4374
45388,4374
45389,4374
45390,4374
45391,4374
45392,4374
45393,4374
45394,4374
45395,4374
45396,4374
45397,4374
45398,4374
45399,4374
45400,4374
45401,4374
45402,4374
45403,4374
45404,4374
45405,4374
45406,4374
45407,4374
45408,4374
45409,4374
45410,4374
45411,4374
45412,4374
45413,4374
45414,4374
45415,4374
45416,4374
45417,4374
45418,4374
45419,4374
45420,4374
45421,4374
45422,4374
45423,4374
45424,4374
45425,4374
45426,4374
45427,4374
45428,4374
45429,4374
45430,4374
45431,4374
45432,4374
45433,4374
45434,4374
45435,4374
45436,4374
45437,4374
45438,4374
45439,4374
45440,4374
45441,4374
45442,4374
45443,4374
45444,4374
45445,4374
45446,4374
45447,4374
45448,4374
45449,4374
45450,4374
45451,4374
45452,4374
45453,4374
45454,4374
45455,4374
45456,4374
45457,4374
45458,4374
45459,4374
45460,4374
45461,4374
45462,4374
45463,4374
45464,4374
45465,4374
45466,4374
45467,4374
45468,4374
45469,4374
45470,4374
45471,4374
45472,4374
45473,4374
45474,4374
45475,4374
45476,4374
45477,4374
45478,4374
45479,4374
45480,4374
45481,4374
45482,4374
45483,4374
45484,4374
45485,4374
45486,4374
45487,4374
45488,4374
45489,4374
45490,4374
45491,4374
45492,4374
45493,4374
45494,4374
45495,4374
45496,4374
45497,4374
45498,4374
45499,4374
45500,4374
45501,4374
45502,4374
45503,4374
45504,4374
45505,4374
45506,4374
45507,4374
45508,4374
45509,4374
45510,4374
45511,4374
45512,4374
45513,4374
45514,4374
45515,4374
45516,4374
45517,4401
45518,4401
45519,4401
45520,4401
45521,4401
45522,4401
45523,4401
45524,4401
45525,4401
45526,4401
45527,4401
45528,4401
45529,4401
45530,4401
45531,4401
45532,4401
45533,4401
45534,4401
45535,4401
45536,4401
45537,4401
45538,4401
45539,4401
45540,4401
45541,4401
45542,4401
45543,4401
45544,4401
45545,4401
45546,4401
45547,4401
45548,4401
45549,4401
45550,4401
45551,4401
45552,4401
45553,4401
45554,4401
45555,4401
45556,4401
45557,4401
45558,4401
45559,4401
45560,4401
45561,4401
45562,4401
45563,4401
45564,4401
45565,4401
45566,4401
45567,4401
45568,4401
45569,4401
45570,4401
45571,4401
45572,4401
45573,4401
45574,4401
45575,4401
45576,4401
45577,4401
45578,4401
45579,4401
45580,4401
45581,4401
45582,4401
45583,4401
45584,4401
45585,4401
45586,4401
45587,4401
45588,4401
45589,4401
45590,4401
45591,4401
45592,4401
45593,4401
45594,4401
45595,4401
45596,4401
45597,4401
45598,4401
45599,4401
45600,4401
45601,4401
45602,4401
45603,4401
45604,4401
45605,4401
45606,4401
45607,4401
45608,4401
45609,4401
45610,4401
45611,4401
45612,4401
45613,4401
45614,4401
45615,4401
45616,4401
45617,4401
45618,4401
45619,4401
45620,4401
45621,4401
45622,4401
45623,4401
45624,4401
45625,4401
45626,4401
45627,4401
45628,4401
45629,4401
45630,4401
45631,4401
45632,4401
45633,4401
45634,4401
45635,4401
45636,4401
45637,4401
45638,4401
45639,4401
45640,4401
45641,4401
45642,4401
45643,4401
45644,4401
45645,4401
45646,4401
45647,4401
45648,4401
45649,4401
45650,4401
45651,4401
45652,4401
45653,4401
45654,4401
45655,4401
45656,4401
45657,4401
45658,4401
45659,4401
45660,4401
45661,4401
45662,4401
45663,4401
45664,4401
45665,4401
45666,4401
45667,4401
45668,4401
45669,4401
45670,4401
45671,4401
45672,4401
45673,4401
45674,4401
45675,4401
45676,4401
45677,4401
45678,4401
45679,4401
45680,4401
45681,4401
45682,4401
45683,4401
45684,4401
45685,4401
45686,4401
45687,4401
45688,4401
45689,4401
45690,4401
45691,4401
45692,4401
45693,4401
45694,4401
45695,4401
45696,4401
45697,4401
45698,4401
45699,4401
45700,4401
45701,4401
45702,4401
45703,4401
45704,4401
45705,4401
45706,4401
45707,4401
45708,4401
45709,4401
45710,4401
45711,4401
45712,4401
45713,4401
45714,4401
45715,4401
45716,4401
45717,4401
45718,4401
45719,4401
45720,4401
45721,4401
45722,4401
45723,4401
45724,4401
45725,4401
45726,4401
45727,4401
45728,4401
45729,4401
45730,4401
45731,4401
45732,4401
45733,4401
45734,4401
45735,4401
45736,4401
45737,4401
45738,4401
45739,4401
45740,4401
45741,4401
45742,4401
45743,4401
45744,4401
45745,4401
45746,4401
45747,4401
45748,4401
45749,4401
45750,4401
45751,4401
45752,4401
45753,4401
45754,4401
45755,4401
45756,4401
45757,4401
45758,4401
45759,4401
45760,4401
45761,4401
45762,4401
45763,4401
45764,4401
45765,4401
45766,4401
45767,4401
45768,4401
45769,4401
45770,4401
45771,4401
45772,4401
45773,4401
45774,4401
45775,4401
45776,4401
45777,4401
45778,4401
45779,4401
45780,4401
45781,4401
45782,4401
45783,4401
45784,4401
45785,4401
45786,4401
45787,4401
45788,4401
45789,4401
45790,4401
45791,4401
45792,4401
45793,4401
45794,4401
45795,4401
45796,4401
45797,4401
45798,4401
45799,4401
45800,4401
45801,4401
45802,4401
45803,4401
45804,4401
45805,4401
45806,4401
45807,4401
45808,4401
45809,4401
45810,4401
45811,4401
45812,4401
45813,4401
45814,4401
45815,4401
45816,4401
45817,4401
45818,4401
45819,4401
45820,4401
45821,4401
45822,4401
45823,4401
45824,4401
45825,4401
45826,4401
45827,4401
45828,4401
45829,4401
45830,4401
45831,4401
45832,4401
45833,4401
45834,4401
45835,4401
45836,4401
45837,4401
45838,4401
45839,4401
45840,4401
45841,4401
45842,4401
45843,4401
45844,4401
45845,4401
45846,4401
45847,4401
45848,4401
45849,4401
45850,4401
45851,4401
45852,4401
45853,4401
45854,4401
45855,4401
45856,4401
45857,4401
45858,4401
45859,4401
45860,4401
45861,4401
45862,4401
45863,4401
45864,4401
45865,4401
45866,4401
45867,4401
45868,4401
45869,4401
45870,4401
45871,4401
45872,4401
45873,4401
45874,4401
45875,4401
45876,4401
45877,4401
45878,4401
45879,4401
45880,4401
45881,4401
45882,4401
45883,4401
45884,4401
45885,4401
45886,4401
45887,4401
45888,4401
45889,4401
45890,4401
45891,4401
45892,4401
45893,4401
45894,4401
45895,4401
45896,4401
45897,4401
45898,4401
45899,4401
45900,4401
45901,4401
45902,4401
45903,4401
45904,4401
45905,4401
45906,4401
45907,4401
45908,4401
45909,4401
45910,4401
45911,4401
45912,4401
45913,4401
45914,4401
45915,4401
45916,4401
45917,4401
45918,4401
45919,4401
45920,4401
45921,4401
45922,4401
45923,4401
45924,4401
45925,4401
45926,4401
45927,4401
45928,4401
45929,4401
45930,4401
45931,4401
45932,4401
45933,4401
45934,4401
45935,4401
45936,4401
45937,4401
45938,4401
45939,4401
45940,4401
45941,4401
45942,4401
45943,4401
45944,4401
45945,4401
45946,4401
45947,4401
45948,4401
45949,4401
45950,4401
45951,4401
45952,4401
45953,4401
45954,4401
45955,4401
45956,4401
45957,4401
45958,4401
45959,4401
45960,4401
45961,4401
45962,4401
45963,4401
45964,4401
45965,4401
45966,4401
45967,4401
45968,4401
45969,4401
45970,4401
45971,4401
45972,4401
45973,4401
45974,4401
45975,4401
45976,4401
45977,4401
45978,4401
45979,4401
45980,4401
45981,4401
45982,4401
45983,4401
45984,4401
45985,4401
45986,4401
45987,4401
45988,4401
45989,4401
45990,4401
45991,4401
45992,4401
45993,4401
45994,4401
45995,4401
45996,4401
45997,4401
45998,4401
45999,4401
46000,4401
46001,4401
46002,4401
46003,4401
46004,4401
46005,4401
46006,4401
46007,4401
46008,4401
46009,4401
46010,4401
46011,4401
46012,4401
46013,4401
46014,4401
46015,4401
46016,4401
46017,4401
46018,4401
46019,4401
46020,4401
46021,4401
46022,4401
46023,4401
46024,4401
46025,4401
46026,4401
46027,4401
46028,4401
46029,4401
46030,4401
46031,4401
46032,4401
46033,4401
46034,4401
46035,4401
46036,4401
46037,4401
46038,4401
46039,4401
46040,4401
46041,4401
46042,4401
46043,4401
46044,4401
46045,4401
46046,4401
46047,4401
46048,4401
46049,4401
46050,4401
46051,4401
46052,4401
46053,4401
46054,4401
46055,4401
46056,4401
46057,4401
46058,4401
46059,4401
46060,4401
46061,4401
46062,4401
46063,4401
46064,4401
46065,4401
46066,4401
46067,4401
46068,4401
46069,4401
46070,4401
46071,4401
46072,4401
46073,4401
46074,4401
46075,4401
46076,4401
46077,4401
46078,4401
46079,4401
46080,4401
46081,4401
46082,4401
46083,4401
46084,4401
46085,4401
46086,4401
46087,4401
46088,4401
46089,4401
46090,4401
46091,4401
46092,4401
46093,4401
46094,4401
46095,4401
46096,4401
46097,4401
46098,4401
46099,4401
46100,4401
46101,4401
46102,4401
46103,4401
46104,4401
46105,4401
46106,4401
46107,4401
46108,4401
46109,4401
46110,4401
46111,4401
46112,4401
46113,4401
46114,4401
46115,4401
46116,4401
46117,4401
46118,4401
46119,4401
46120,4401
46121,4401
46122,4401
46123,4401
46124,4401
46125,4401
46126,4401
46127,4401
46128,4401
46129,4401
46130,4401
46131,4401
46132,4401
46133,4401
46134,4401
46135,4401
46136,4401
46137,4401
46138,4401
46139,4401
46140,4401
46141,4401
46142,4401
46143,4401
46144,4401
46145,4401
46146,4401
46147,4401
46148,4401
46149,4401
46150,4401
46151,4401
46152,4401
46153,4401
46154,4401
46155,4401
46156,4401
46157,4401
46158,4401
46159,4401
46160,4401
46161,4401
46162,4401
46163,4401
46164,4401
46165,4401
46166,4401
46167,4401
46168,4401
46169,4401
46170,4401
46171,4401
46172,4401
46173,4401
46174,4401
46175,4401
46176,4401
46177,4401
46178,4401
46179,4401
46180,4401
46181,4401
46182,4401
46183,4401
46184,4401
46185,4401
46186,4401
46187,4401
46188,4401
46189,4401
46190,4401
46191,4401
46192,4401
46193,4401
46194,4401
46195,4401
46196,4401
46197,4401
46198,4401
46199,4401
46200,4401
46201,4401
46202,4401
46203,4401
46204,4401
46205,4401
46206,4401
46207,4401
46208,4401
46209,4401
46210,4401
46211,4401
46212,4401
46213,4401
46214,4401
46215,4401
46216,4401
46217,4401
46218,4401
46219,4401
46220,4401
46221,4401
46222,4401
46223,4401
46224,4401
46225,4401
46226,4401
46227,4401
46228,4401
46229,4401
46230,4401
46231,4401
46232,4401
46233,4401
46234,4401
46235,4401
46236,4401
46237,4401
46238,4401
46239,4401
46240,4401
46241,4401
46242,4401
46243,4401
46244,4401
46245,4401
46246,4401
46247,4401
46248,4401
46249,4401
46250,4401
46251,4401
46252,4401
46253,4401
46254,4401
46255,4401
46256,4401
46257,4401
46258,4401
46259,4401
46260,4401
46261,4401
46262,4401
46263,4401
46264,4401
46265,4401
46266,4401
46267,4401
46268,4401
46269,4401
46270,4401
46271,4401
46272,4401
46273,4401
46274,4401
46275,4401
46276,4401
46277,4401
46278,4401
46279,4401
46280,4401
46281,4401
46282,4401
46283,4401
46284,4401
46285,4401
46286,4401
46287,4401
46288,4401
46289,4401
46290,4401
46291,4401
46292,4401
46293,4401
46294,4401
46295,4401
46296,4401
46297,4401
46298,4401
46299,4401
46300,4401
46301,4401
46302,4401
46303,4401
46304,4401
46305,4401
46306,4401
46307,4401
46308,4401
46309,4401
46310,4401
46311,4401
46312,4401
46313,4401
46314,4401
46315,4401
46316,4401
46317,4401
46318,4401
46319,4401
46320,4401
46321,4401
46322,4401
46323,4401
46324,4401
46325,4401
46326,4401
46327,4401
46328,4401
46329,4401
46330,4401
46331,4401
46332,4401
46333,4401
46334,4401
46335,4401
46336,4401
46337,4401
46338,4401
46339,4401
46340,4401
46341,4401
46342,4401
46343,4401
46344,4401
46345,4401
46346,4401
46347,4401
46348,4401
46349,4401
46350,4401
46351,4401
46352,4401
46353,4401
46354,4401
46355,4401
46356,4401
46357,4401
46358,4401
46359,4401
46360,4401
46361,4401
46362,4401
46363,4401
46364,4401
46365,4401
46366,4401
46367,4401
46368,4401
46369,4401
46370,4401
46371,4401
46372,4401
46373,4401
46374,4401
46375,4401
46376,4401
46377,4401
46378,4401
46379,4401
46380,4401
46381,4401
46382,4401
46383,4401
46384,4401
46385,4401
46386,4401
46387,4401
46388,4401
46389,4401
46390,4401
46391,4401
46392,4401
46393,4401
46394,4401
46395,4401
46396,4401
46397,4401
46398,4401
46399,4401
46400,4401
46401,4401
46402,4401
46403,4401
46404,4401
46405,4401
46406,4401
46407,4401
46408,4401
46409,4401
46410,4401
46411,4401
46412,4401
46413,4401
46414,4401
46415,4401
46416,4401
46417,4401
46418,4401
46419,4401
46420,4401
46421,4401
46422,4401
46423,4401
46424,4401
46425,4401
46426,4401
46427,4401
46428,4401
46429,4401
46430,4401
46431,4401
46432,4401
46433,4401
46434,4401
46435,4401
46436,4401
46437,4401
46438,4401
46439,4401
46440,4401
46441,4401
46442,4401
46443,4401
46444,4401
46445,4401
46446,4401
46447,4401
46448,4401
46449,4401
46450,4401
46451,4401
46452,4401
46453,4401
46454,4401
46455,4401
46456,4401
46457,4401
46458,4401
46459,4401
46460,4401
46461,4401
46462,4401
46463,4401
46464,4401
46465,4401
46466,4401
46467,4401
46468,4401
46469,4401
46470,4401
46471,4401
46472,4401
46473,4401
46474,4401
46475,4401
46476,4401
46477,4401
46478,4401
46479,4401
46480,4401
46481,4401
46482,4401
46483,4401
46484,4401
46485,4401
46486,4401
46487,4401
46488,4401
46489,4401
46490,4401
46491,4401
46492,4401
46493,4401
46494,4401
46495,4401
46496,4401
46497,4401
46498,4401
46499,4401
46500,4401
46501,4401
46502,4401
46503,4401
46504,4401
46505,4401
46506,4401
46507,4401
46508,4401
46509,4401
46510,4401
46511,4401
46512,4401
46513,4401
46514,4401
46515,4401
46516,4401
46517,4401
46518,4401
46519,4401
46520,4401
46521,4401
46522,4401
46523,4401
46524,4401
46525,4401
46526,4401
46527,4401
46528,4401
46529,4401
46530,4401
46531,4401
46532,4401
46533,4401
46534,4401
46535,4401
46536,4401
46537,4401
46538,4401
46539,4401
46540,4401
46541,4401
46542,4401
46543,4401
46544,4401
46545,4401
46546,4401
46547,4401
46548,4401
46549,4401
46550,4401
46551,4401
46552,4401
46553,4401
46554,4401
46555,4401
46556,4401
46557,4401
46558,4401
46559,4401
46560,4401
46561,4401
46562,4401
46563,4401
46564,4401
46565,4401
46566,4401
46567,4401
46568,4401
46569,4401
46570,4401
46571,4401
46572,4401
46573,4401
46574,4401
46575,4401
46576,4401
46577,4401
46578,4401
46579,4401
46580,4401
46581,4401
46582,4401
46583,4401
46584,4401
46585,4401
46586,4401
46587,4401
46588,4401
46589,4401
46590,4401
46591,4401
46592,4401
46593,4401
46594,4401
46595,4401
46596,4401
46597,4401
46598,4401
46599,4401
46600,4401
46601,4401
46602,4401
46603,4401
46604,4401
46605,4401
46606,4401
46607,4401
46608,4401
46609,4401
46610,4401
46611,4401
46612,4401
46613,4401
46614,4401
46615,4401
46616,4401
46617,4401
46618,4401
46619,4401
46620,4401
46621,4401
46622,4401
46623,4401
46624,4401
46625,4401
46626,4401
46627,4401
46628,4401
46629,4401
46630,4401
46631,4401
46632,4401
46633,4401
46634,4401
46635,4401
46636,4401
46637,4401
46638,4401
46639,4401
46640,4401
46641,4401
46642,4401
46643,4401
46644,4401
46645,4401
46646,4401
46647,4401
46648,4401
46649,4401
46650,4401
46651,4401
46652,4401
46653,4401
46654,4401
46655,4401
46656,4401
46657,4401
46658,4401
46659,4401
46660,4401
46661,4401
46662,4401
46663,4401
46664,4401
46665,4401
46666,4401
46667,4401
46668,4401
46669,4401
46670,4401
46671,4401
46672,4401
46673,4401
46674,4401
46675,4401
46676,4401
46677,4401
46678,4401
46679,4401
46680,4401
46681,4401
46682,4401
46683,4401
46684,4401
46685,4401
46686,4401
46687,4401
46688,4401
46689,4401
46690,4401
46691,4401
46692,4401
46693,4401
46694,4401
46695,4401
46696,4401
46697,4401
46698,4401
46699,4401
46700,4401
46701,4401
46702,4401
46703,4401
46704,4401
46705,4401
46706,4401
46707,4401
46708,4401
46709,4401
46710,4401
46711,4401
46712,4401
46713,4401
46714,4401
46715,4401
46716,4401
46717,4401
46718,4401
46719,4401
46720,4401
46721,4401
46722,4401
46723,4401
46724,4401
46725,4401
46726,4401
46727,4401
46728,4401
46729,4401
46730,4401
46731,4401
46732,4401
46733,4401
46734,4401
46735,4401
46736,4401
46737,4401
46738,4401
46739,4401
46740,4401
46741,4401
46742,4401
46743,4401
46744,4401
46745,4401
46746,4401
46747,4401
46748,4401
46749,4401
46750,4401
46751,4401
46752,4401
46753,4401
46754,4401
46755,4401
46756,4401
46757,4401
46758,4401
46759,4401
46760,4401
46761,4401
46762,4401
46763,4401
46764,4401
46765,4401
46766,4401
46767,4401
46768,4401
46769,4401
46770,4401
46771,4401
46772,4401
46773,4401
46774,4401
46775,4401
46776,4401
46777,4401
46778,4401
46779,4401
46780,4401
46781,4401
46782,4401
46783,4401
46784,4401
46785,4401
46786,4401
46787,4401
46788,4401
46789,4401
46790,4401
46791,4401
46792,4401
46793,4401
46794,4401
46795,4401
46796,4401
46797,4401
46798,4401
46799,4401
46800,4401
46801,4401
46802,4401
46803,4401
46804,4401
46805,4403
46806,4403
46807,4403
46808,4403
46809,4403
46810,4403
46811,4403
46812,4403
46813,4403
46814,4403
46815,4403
46816,4403
46817,4403
46818,4403
46819,4403
46820,4403
46821,4403
46822,4403
46823,4403
46824,4403
46825,4403
46826,4403
46827,4403
46828,4403
46829,4403
46830,4403
46831,4403
46832,4403
46833,4403
46834,4403
46835,4403
46836,4403
46837,4403
46838,4403
46839,4403
46840,4403
46841,4403
46842,4403
46843,4403
46844,4403
46845,4403
46846,4403
46847,4403
46848,4403
46849,4403
46850,4403
46851,4403
46852,4403
46853,4403
46854,4403
46855,4403
46856,4403
46857,4403
46858,4403
46859,4403
46860,4403
46861,4403
46862,4403
46863,4403
46864,4403
46865,4403
46866,4403
46867,4403
46868,4403
46869,4403
46870,4403
46871,4403
46872,4403
46873,4403
46874,4403
46875,4403
46876,4403
46877,4403
46878,4403
46879,4403
46880,4403
46881,4403
46882,4403
46883,4403
46884,4403
46885,4403
46886,4403
46887,4403
46888,4403
46889,4403
46890,4403
46891,4403
46892,4403
46893,4403
46894,4403
46895,4403
46896,4403
46897,4403
46898,4403
46899,4403
46900,4403
46901,4403
46902,4403
46903,4403
46904,4403
46905,4403
46906,4403
46907,4403
46908,4403
46909,4403
46910,4403
46911,4403
46912,4403
46913,4403
46914,4403
46915,4403
46916,4403
46917,4403
46918,4403
46919,4403
46920,4403
46921,4403
46922,4403
46923,4403
46924,4403
46925,4403
46926,4403
46927,4403
46928,4403
46929,4403
46930,4403
46931,4403
46932,4403
46933,4403
46934,4403
46935,4403
46936,4403
46937,4403
46938,4403
46939,4403
46940,4403
46941,4403
46942,4403
46943,4403
46944,4403
46945,4403
46946,4403
46947,4403
46948,4403
46949,4403
46950,4403
46951,4403
46952,4403
46953,4403
46954,4403
46955,4403
46956,4403
46957,4403
46958,4403
46959,4403
46960,4403
46961,4403
46962,4403
46963,4403
46964,4403
46965,4403
46966,4403
46967,4403
46968,4403
46969,4403
46970,4403
46971,4403
46972,4403
46973,4403
46974,4403
46975,4403
46976,4403
46977,4403
46978,4403
46979,4403
46980,4403
46981,4403
46982,4403
46983,4403
46984,4403
46985,4403
46986,4403
46987,4403
46988,4403
46989,4403
46990,4403
46991,4403
46992,4403
46993,4403
46994,4403
46995,4403
46996,4403
46997,4403
46998,4403
46999,4403
47000,4403
47001,4403
47002,4403
47003,4403
47004,4403
47005,4403
47006,4403
47007,4403
47008,4403
47009,4403
47010,4403
47011,4403
47012,4403
47013,4403
47014,4403
47015,4403
47016,4403
47017,4403
47018,4403
47019,4403
47020,4403
47021,4403
47022,4403
47023,4403
47024,4403
47025,4403
47026,4403
47027,4403
47028,4403
47029,4403
47030,4403
47031,4403
47032,4403
47033,4403
47034,4403
47035,4403
47036,4403
47037,4403
47038,4403
47039,4403
47040,4403
47041,4403
47042,4403
47043,4403
47044,4403
47045,4403
47046,4403
47047,4403
47048,4403
47049,4403
47050,4403
47051,4403
47052,4403
47053,4403
47054,4403
47055,4403
47056,4403
47057,4403
47058,4403
47059,4403
47060,4403
47061,4403
47062,4403
47063,4403
47064,4403
47065,4403
47066,4403
47067,4403
47068,4403
47069,4403
47070,4403
47071,4403
47072,4403
47073,4403
47074,4403
47075,4403
47076,4403
47077,4403
47078,4403
47079,4403
47080,4403
47081,4403
47082,4403
47083,4403
47084,4403
47085,4403
47086,4403
47087,4403
47088,4403
47089,4403
47090,4405
47091,4405
47092,4405
47093,4405
47094,4405
47095,4405
47096,4405
47097,4405
47098,4405
47099,4405
47100,4405
47101,4405
47102,4405
47103,4405
47104,4405
47105,4405
47106,4405
47107,4405
47108,4405
47109,4405
47110,4405
47111,4405
47112,4405
47113,4405
47114,4405
47115,4405
47116,4405
47117,4405
47118,4405
47119,4405
47120,4405
47121,4405
47122,4405
47123,4405
47124,4405
47125,4405
47126,4405
47127,4405
47128,4405
47129,4405
47130,4405
47131,4405
47132,4405
47133,4405
47134,4405
47135,4405
47136,4405
47137,4405
47138,4405
47139,4405
47140,4405
47141,4405
47142,4405
47143,4405
47144,4405
47145,4405
47146,4405
47147,4405
47148,4405
47149,4405
47150,4405
47151,4405
47152,4405
47153,4405
47154,4405
47155,4405
47156,4405
47157,4405
47158,4405
47159,4405
47160,4405
47161,4405
47162,4405
47163,4405
47164,4405
47165,4405
47166,4405
47167,4405
47168,4405
47169,4405
47170,4405
47171,4405
47172,4405
47173,4405
47174,4405
47175,4405
47176,4405
47177,4405
47178,4405
47179,4405
47180,4405
47181,4405
47182,4405
47183,4405
47184,4405
47185,4405
47186,4405
47187,4405
47188,4405
47189,4405
47190,4405
47191,4405
47192,4405
47193,4405
47194,4405
47195,4405
47196,4405
47197,4405
47198,4405
47199,4405
47200,4405
47201,4405
47202,4405
47203,4405
47204,4405
47205,4405
47206,4405
47207,4405
47208,4405
47209,4405
47210,4405
47211,4405
47212,4405
47213,4405
47214,4405
47215,4405
47216,4405
47217,4405
47218,4405
47219,4405
47220,4405
47221,4405
47222,4405
47223,4405
47224,4405
47225,4405
47226,4405
47227,4405
47228,4405
47229,4405
47230,4405
47231,4405
47232,4405
47233,4405
47234,4405
47235,4405
47236,4405
47237,4405
47238,4405
47239,4405
47240,4405
47241,4405
47242,4405
47243,4405
47244,4405
47245,4405
47246,4405
47247,4405
47248,4405
47249,4405
47250,4405
47251,4405
47252,4405
47253,4405
47254,4405
47255,4405
47256,4405
47257,4405
47258,4405
47259,4405
47260,4405
47261,4405
47262,4405
47263,4405
47264,4405
47265,4405
47266,4405
47267,4405
47268,4405
47269,4405
47270,4405
47271,4405
47272,4405
47273,4405
47274,4405
47275,4405
47276,4405
47277,4405
47278,4405
47279,4405
47280,4405
47281,4405
47282,4405
47283,4405
47284,4405
47285,4405
47286,4405
47287,4405
47288,4405
47289,4405
47290,4405
47291,4405
47292,4405
47293,4405
47294,4405
47295,4405
47296,4405
47297,4405
47298,4405
47299,4405
47300,4405
47301,4405
47302,4405
47303,4405
47304,4405
47305,4405
47306,4405
47307,4405
47308,4405
47309,4405
47310,4405
47311,4405
47312,4405
47313,4405
47314,4405
47315,4405
47316,4405
47317,4405
47318,4405
47319,4405
47320,4405
47321,4405
47322,4405
47323,4405
47324,4405
47325,4405
47326,4405
47327,4405
47328,4405
47329,4405
47330,4405
47331,4405
47332,4405
47333,4405
47334,4405
47335,4405
47336,4405
47337,4405
47338,4405
47339,4405
47340,4405
47341,4405
47342,4405
47343,4405
47344,4405
47345,4405
47346,4405
47347,4405
47348,4405
47349,4405
47350,4405
47351,4405
47352,4405
47353,4405
47354,4405
47355,4405
47356,4405
47357,4405
47358,4405
47359,4405
47360,4405
47361,4405
47362,4405
47363,4405
47364,4405
47365,4405
47366,4405
47367,4405
47368,4405
47369,4405
47370,4405
47371,4405
47372,4405
47373,4405
47374,4405
47375,4405
47376,4405
47377,4405
47378,4405
47379,4406
47380,4406
47381,4406
47382,4406
47383,4406
47384,4406
47385,4406
47386,4406
47387,4406
47388,4406
47389,4406
47390,4406
47391,4406
47392,4406
47393,4406
47394,4406
47395,4406
47396,4406
47397,4406
47398,4406
47399,4406
47400,4406
47401,4406
47402,4406
47403,4406
47404,4406
47405,4406
47406,4406
47407,4406
47408,4406
47409,4406
47410,4406
47411,4406
47412,4406
47413,4406
47414,4406
47415,4406
47416,4406
47417,4406
47418,4406
47419,4406
47420,4406
47421,4406
47422,4406
47423,4406
47424,4406
47425,4406
47426,4406
47427,4406
47428,4406
47429,4406
47430,4406
47431,4406
47432,4406
47433,4406
47434,4406
47435,4406
47436,4406
47437,4406
47438,4406
47439,4406
47440,4406
47441,4406
47442,4406
47443,4406
47444,4406
47445,4406
47446,4406
47447,4406
47448,4406
47449,4406
47450,4406
47451,4406
47452,4406
47453,4406
47454,4406
47455,4406
47456,4406
47457,4406
47458,4406
47459,4406
47460,4406
47461,4406
47462,4406
47463,4406
47464,4406
47465,4406
47466,4406
47467,4406
47468,4406
47469,4406
47470,4406
47471,4406
47472,4406
47473,4406
47474,4406
47475,4406
47476,4406
47477,4406
47478,4406
47479,4406
47480,4406
47481,4406
47482,4406
47483,4406
47484,4406
47485,4406
47486,4406
47487,4406
47488,4406
47489,4406
47490,4406
47491,4407
47492,4407
47493,4407
47494,4407
47495,4407
47496,4407
47497,4407
47498,4407
47499,4407
47500,4407
47501,4407
47502,4407
47503,4407
47504,4407
47505,4407
47506,4407
47507,4407
47508,4407
47509,4407
47510,4407
47511,4407
47512,4407
47513,4407
47514,4407
47515,4407
47516,4407
47517,4407
47518,4407
47519,4407
47520,4407
47521,4407
47522,4407
47523,4407
47524,4407
47525,4407
47526,4407
47527,4407
47528,4407
47529,4407
47530,4407
47531,4407
47532,4407
47533,4407
47534,4407
47535,4407
47536,4407
47537,4407
47538,4407
47539,4407
47540,4407
47541,4407
47542,4407
47543,4407
47544,4407
47545,4407
47546,4407
47547,4407
47548,4407
47549,4407
47550,4407
47551,4407
47552,4407
47553,4407
47554,4407
47555,4407
47556,4407
47557,4407
47558,4407
47559,4407
47560,4407
47561,4407
47562,4407
47563,4407
47564,4407
47565,4407
47566,4407
47567,4407
47568,4407
47569,4407
47570,4407
47571,4407
47572,4407
47573,4407
47574,4407
47575,4407
47576,4407
47577,4407
47578,4407
47579,4407
47580,4407
47581,4407
47582,4407
47583,4407
47584,4407
47585,4407
47586,4407
47587,4407
47588,4407
47589,4407
47590,4407
47591,4407
47592,4407
47593,4407
47594,4407
47595,4407
47596,4407
47597,4407
47598,4407
47599,4407
47600,4407
47601,4407
47602,4407
47603,4407
47604,4407
47605,4407
47606,4407
47607,4407
47608,4407
47609,4407
47610,4407
47611,4407
47612,4407
47613,4407
47614,4407
47615,4407
47616,4407
47617,4407
47618,4407
47619,4407
47620,4407
47621,4407
47622,4407
47623,4407
47624,4407
47625,4407
47626,4407
47627,4407
47628,4407
47629,4407
47630,4407
47631,4407
47632,4407
47633,4407
47634,4407
47635,4407
47636,4407
47637,4407
47638,4407
47639,4407
47640,4407
47641,4407
47642,4407
47643,4407
47644,4407
47645,4407
47646,4407
47647,4407
47648,4407
47649,4407
47650,4407
47651,4407
47652,4407
47653,4407
47654,4407
47655,4407
47656,4407
47657,4407
47658,4407
47659,4407
47660,4407
47661,4407
47662,4407
47663,4407
47664,4407
47665,4407
47666,4407
47667,4407
47668,4407
47669,4407
47670,4407
47671,4407
47672,4407
47673,4407
47674,4407
47675,4407
47676,4407
47677,4407
47678,4407
47679,4407
47680,4407
47681,4407
47682,4407
47683,4407
47684,4407
47685,4407
47686,4407
47687,4407
47688,4407
47689,4407
47690,4407
47691,4407
47692,4407
47693,4407
47694,4407
47695,4407
47696,4407
47697,4407
47698,4407
47699,4407
47700,4407
47701,4407
47702,4407
47703,4407
47704,4407
47705,4407
47706,4407
47707,4407
47708,4407
47709,4407
47710,4407
47711,4407
47712,4407
47713,4407
47714,4407
47715,4407
47716,4407
47717,4407
47718,4407
47719,4407
47720,4407
47721,4407
47722,4407
47723,4407
47724,4407
47725,4407
47726,4407
47727,4407
47728,4407
47729,4407
47730,4407
47731,4407
47732,4407
47733,4407
47734,4407
47735,4407
47736,4407
47737,4407
47738,4407
47739,4411
47740,4411
47741,4411
47742,4411
47743,4411
47744,4411
47745,4411
47746,4411
47747,4411
47748,4411
47749,4411
47750,4411
47751,4411
47752,4411
47753,4411
47754,4411
47755,4411
47756,4411
47757,4411
47758,4411
47759,4411
47760,4411
47761,4411
47762,4411
47763,4411
47764,4411
47765,4411
47766,4411
47767,4411
47768,4411
47769,4411
47770,4411
47771,4411
47772,4411
47773,4411
47774,4411
47775,4411
47776,4411
47777,4411
47778,4411
47779,4411
47780,4411
47781,4411
47782,4411
47783,4411
47784,4411
47785,4411
47786,4411
47787,4411
47788,4411
47789,4411
47790,4411
47791,4411
47792,4411
47793,4411
47794,4411
47795,4411
47796,4411
47797,4411
47798,4411
47799,4411
47800,4411
47801,4411
47802,4411
47803,4411
47804,4411
47805,4411
47806,4411
47807,4411
47808,4411
47809,4411
47810,4411
47811,4411
47812,4411
47813,4411
47814,4411
47815,4411
47816,4411
47817,4411
47818,4411
47819,4411
47820,4411
47821,4411
47822,4411
47823,4411
47824,4411
47825,4411
47826,4411
47827,4411
47828,4411
47829,4411
47830,4411
47831,4411
47832,4411
47833,4411
47834,4411
47835,4411
47836,4411
47837,4411
47838,4411
47839,4411
47840,4411
47841,4411
47842,4411
47843,4411
47844,4415
47845,4415
47846,4415
47847,4415
47848,4415
47849,4415
47850,4415
47851,4415
47852,4415
47853,4415
47854,4415
47855,4415
47856,4415
47857,4415
47858,4415
47859,4415
47860,4415
47861,4415
47862,4415
47863,4415
47864,4415
47865,4415
47866,4415
47867,4415
47868,4415
47869,4415
47870,4415
47871,4415
47872,4415
47873,4415
47874,4415
47875,4415
47876,4415
47877,4415
47878,4415
47879,4415
47880,4415
47881,4415
47882,4415
47883,4415
47884,4415
47885,4415
47886,4415
47887,4415
47888,4415
47889,4415
47890,4415
47891,4415
47892,4415
47893,4415
47894,4415
47895,4415
47896,4415
47897,4415
47898,4415
47899,4415
47900,4415
47901,4415
47902,4415
47903,4415
47904,4415
47905,4415
47906,4415
47907,4415
47908,4415
47909,4415
47910,4415
47911,4415
47912,4415
47913,4415
47914,4415
47915,4415
47916,4415
47917,4415
47918,4415
47919,4415
47920,4415
47921,4415
47922,4415
47923,4415
47924,4415
47925,4415
47926,4415
47927,4415
47928,4415
47929,4415
47930,4415
47931,4415
47932,4415
47933,4415
47934,4415
47935,4415
47936,4415
47937,4415
47938,4415
47939,4415
47940,4415
47941,4415
47942,4415
47943,4415
47944,4415
47945,4415
47946,4415
47947,4415
47948,4415
47949,4415
47950,4415
47951,4415
47952,4415
47953,4415
47954,4415
47955,4415
47956,4415
47957,4415
47958,4415
47959,4415
47960,4415
47961,4415
47962,4415
47963,4415
47964,4415
47965,4415
47966,4415
47967,4415
47968,4415
47969,4415
47970,4415
47971,4415
47972,4415
47973,4415
47974,4415
47975,4415
47976,4415
47977,4415
47978,4415
47979,4415
47980,4415
47981,4415
47982,4415
47983,4415
47984,4415
47985,4415
47986,4415
47987,4415
47988,4415
47989,4415
47990,4415
47991,4415
47992,4415
47993,4415
47994,4415
47995,4415
47996,4415
47997,4415
47998,4415
47999,4415
48000,4415
48001,4415
48002,4415
48003,4415
48004,4415
48005,4415
48006,4415
48007,4415
48008,4415
48009,4415
48010,4415
48011,4415
48012,4415
48013,4415
48014,4415
48015,4415
48016,4415
48017,4415
48018,4415
48019,4415
48020,4415
48021,4415
48022,4415
48023,4415
48024,4415
48025,4415
48026,4415
48027,4415
48028,4415
48029,4415
48030,4415
48031,4415
48032,4415
48033,4415
48034,4415
48035,4415
48036,4415
48037,4415
48038,4415
48039,4415
48040,4415
48041,4415
48042,4415
48043,4415
48044,4415
48045,4415
48046,4415
48047,4415
48048,4415
48049,4415
48050,4415
48051,4415
48052,4415
48053,4415
48054,4415
48055,4415
48056,4415
48057,4415
48058,4415
48059,4415
48060,4415
48061,4415
48062,4415
48063,4415
48064,4415
48065,4415
48066,4415
48067,4415
48068,4415
48069,4415
48070,4415
48071,4415
48072,4415
48073,4415
48074,4415
48075,4415
48076,4415
48077,4415
48078,4415
48079,4415
48080,4415
48081,4415
48082,4415
48083,4415
48084,4415
48085,4415
48086,4415
48087,4415
48088,4415
48089,4415
48090,4415
48091,4415
48092,4415
48093,4415
48094,4415
48095,4415
48096,4415
48097,4415
48098,4415
48099,4415
48100,4415
48101,4415
48102,4415
48103,4415
48104,4415
48105,4415
48106,4415
48107,4415
48108,4415
48109,4415
48110,4415
48111,4415
48112,4415
48113,4415
48114,4415
48115,4415
48116,4415
48117,4415
48118,4415
48119,4415
48120,4415
48121,4415
48122,4415
48123,4415
48124,4415
48125,4415
48126,4415
48127,4415
48128,4415
48129,4415
48130,4415
48131,4415
48132,4415
48133,4415
48134,4415
48135,4415
48136,4415
48137,4415
48138,4415
48139,4415
48140,4415
48141,4415
48142,4415
48143,4415
48144,4415
48145,4415
48146,4415
48147,4415
48148,4415
48149,4415
48150,4415
48151,4415
48152,4415
48153,4415
48154,4415
48155,4415
48156,4415
48157,4415
48158,4415
48159,4415
48160,4415
48161,4415
48162,4415
48163,4415
48164,4415
48165,4415
48166,4415
48167,4415
48168,4415
48169,4415
48170,4415
48171,4415
48172,4415
48173,4415
48174,4415
48175,4415
48176,4415
48177,4415
48178,4415
48179,4415
48180,4415
48181,4415
48182,4415
48183,4415
48184,4415
48185,4415
48186,4415
48187,4415
48188,4415
48189,4415
48190,4415
48191,4415
48192,4415
48193,4415
48194,4415
48195,4415
48196,4415
48197,4415
48198,4415
48199,4415
48200,4415
48201,4415
48202,4415
48203,4415
48204,4415
48205,4415
48206,4415
48207,4415
48208,4415
48209,4415
48210,4415
48211,4415
48212,4415
48213,4415
48214,4415
48215,4415
48216,4415
48217,4415
48218,4415
48219,4415
48220,4415
48221,4415
48222,4415
48223,4415
48224,4415
48225,4415
48226,4415
48227,4415
48228,4415
48229,4415
48230,4415
48231,4415
48232,4415
48233,4415
48234,4415
48235,4415
48236,4415
48237,4415
48238,4415
48239,4415
48240,4415
48241,4415
48242,4415
48243,4415
48244,4415
48245,4415
48246,4415
48247,4415
48248,4415
48249,4415
48250,4415
48251,4415
48252,4415
48253,4415
48254,4415
48255,4415
48256,4415
48257,4415
48258,4415
48259,4415
48260,4415
48261,4415
48262,4415
48263,4415
48264,4415
48265,4415
48266,4415
48267,4415
48268,4415
48269,4415
48270,4415
48271,4415
48272,4415
48273,4415
48274,4415
48275,4415
48276,4415
48277,4415
48278,4415
48279,4415
48280,4415
48281,4415
48282,4415
48283,4415
48284,4415
48285,4415
48286,4415
48287,4415
48288,4415
48289,4415
48290,4415
48291,4415
48292,4415
48293,4415
48294,4415
48295,4415
48296,4415
48297,4415
48298,4415
48299,4415
48300,4415
48301,4415
48302,4415
48303,4415
48304,4415
48305,4415
48306,4415
48307,4415
48308,4415
48309,4415
48310,4415
48311,4415
48312,4415
48313,4415
48314,4415
48315,4415
48316,4415
48317,4415
48318,4415
48319,4415
48320,4415
48321,4415
48322,4415
48323,4415
48324,4415
48325,4415
48326,4415
48327,4415
48328,4415
48329,4415
48330,4415
48331,4415
48332,4415
48333,4415
48334,4415
48335,4415
48336,4415
48337,4415
48338,4415
48339,4415
48340,4415
48341,4415
48342,4415
48343,4415
48344,4415
48345,4415
48346,4415
48347,4415
48348,4415
48349,4415
48350,4415
48351,4415
48352,4415
48353,4415
48354,4415
48355,4415
48356,4415
48357,4415
48358,4415
48359,4415
48360,4415
48361,4415
48362,4415
48363,4415
48364,4415
48365,4415
48366,4415
48367,4415
48368,4415
48369,4415
48370,4415
48371,4415
48372,4415
48373,4415
48374,4415
48375,4415
48376,4415
48377,4415
48378,4415
48379,4415
48380,4415
48381,4415
48382,4415
48383,4415
48384,4415
48385,4415
48386,4415
48387,4415
48388,4415
48389,4415
48390,4415
48391,4415
48392,4415
48393,4415
48394,4415
48395,4415
48396,4415
48397,4415
48398,4415
48399,4415
48400,4415
48401,4415
48402,4415
48403,4415
48404,4415
48405,4415
48406,4415
48407,4415
48408,4415
48409,4415
48410,4415
48411,4415
48412,4415
48413,4415
48414,4415
48415,4415
48416,4415
48417,4415
48418,4415
48419,4415
48420,4415
48421,4415
48422,4415
48423,4415
48424,4415
48425,4415
48426,4415
48427,4415
48428,4415
48429,4415
48430,4415
48431,4415
48432,4415
48433,4415
48434,4415
48435,4415
48436,4415
48437,4415
48438,4415
48439,4415
48440,4415
48441,4415
48442,4415
48443,4415
48444,4415
48445,4415
48446,4415
48447,4415
48448,4415
48449,4415
48450,4415
48451,4415
48452,4415
48453,4415
48454,4415
48455,4415
48456,4415
48457,4415
48458,4415
48459,4415
48460,4415
48461,4415
48462,4415
48463,4415
48464,4415
48465,4415
48466,4415
48467,4415
48468,4415
48469,4415
48470,4415
48471,4415
48472,4415
48473,4415
48474,4415
48475,4415
48476,4415
48477,4415
48478,4415
48479,4415
48480,4415
48481,4415
48482,4415
48483,4415
48484,4415
48485,4415
48486,4415
48487,4415
48488,4415
48489,4415
48490,4415
48491,4415
48492,4415
48493,4415
48494,4415
48495,4415
48496,4415
48497,4415
48498,4415
48499,4415
48500,4415
48501,4415
48502,4415
48503,4415
48504,4415
48505,4415
48506,4415
48507,4415
48508,4415
48509,4415
48510,4415
48511,4415
48512,4415
48513,4415
48514,4415
48515,4415
48516,4415
48517,4415
48518,4415
48519,4415
48520,4415
48521,4415
48522,4415
48523,4415
48524,4415
48525,4415
48526,4415
48527,4415
48528,4415
48529,4415
48530,4415
48531,4415
48532,4415
48533,4415
48534,4415
48535,4415
48536,4415
48537,4415
48538,4415
48539,4415
48540,4415
48541,4415
48542,4415
48543,4415
48544,4415
48545,4415
48546,4415
48547,4415
48548,4415
48549,4415
48550,4415
48551,4415
48552,4415
48553,4415
48554,4415
48555,4415
48556,4415
48557,4415
48558,4415
48559,4415
48560,4415
48561,4415
48562,4415
48563,4415
48564,4415
48565,4415
48566,4415
48567,4415
48568,4415
48569,4415
48570,4415
48571,4415
48572,4415
48573,4415
48574,4415
48575,4415
48576,4415
48577,4415
48578,4415
48579,4415
48580,4415
48581,4415
48582,4415
48583,4415
48584,4415
48585,4415
48586,4415
48587,4415
48588,4415
48589,4415
48590,4415
48591,4415
48592,4415
48593,4415
48594,4415
48595,4415
48596,4415
48597,4415
48598,4415
48599,4415
48600,4415
48601,4415
48602,4415
48603,4415
48604,4415
48605,4415
48606,4415
48607,4415
48608,4415
48609,4415
48610,4415
48611,4415
48612,4415
48613,4415
48614,4415
48615,4415
48616,4415
48617,4415
48618,4415
48619,4415
48620,4415
48621,4415
48622,4415
48623,4415
48624,4415
48625,4415
48626,4415
48627,4415
48628,4415
48629,4415
48630,4415
48631,4415
48632,4415
48633,4415
48634,4415
48635,4415
48636,4415
48637,4415
48638,4415
48639,4415
48640,4415
48641,4415
48642,4415
48643,4415
48644,4415
48645,4415
48646,4415
48647,4415
48648,4415
48649,4415
48650,4415
48651,4415
48652,4415
48653,4415
48654,4415
48655,4415
48656,4415
48657,4415
48658,4415
48659,4415
48660,4415
48661,4415
48662,4415
48663,4415
48664,4415
48665,4415
48666,4415
48667,4415
48668,4415
48669,4415
48670,4415
48671,4415
48672,4415
48673,4415
48674,4415
48675,4415
48676,4415
48677,4415
48678,4415
48679,4415
48680,4415
48681,4415
48682,4415
48683,4415
48684,4415
48685,4415
48686,4415
48687,4415
48688,4415
48689,4415
48690,4415
48691,4415
48692,4415
48693,4415
48694,4415
48695,4415
48696,4415
48697,4415
48698,4415
48699,4415
48700,4415
48701,4415
48702,4415
48703,4415
48704,4415
48705,4415
48706,4415
48707,4415
48708,4415
48709,4415
48710,4415
48711,4415
48712,4415
48713,4415
48714,4415
48715,4415
48716,4415
48717,4415
48718,4415
48719,4415
48720,4415
48721,4415
48722,4415
48723,4415
48724,4415
48725,4415
48726,4415
48727,4415
48728,4415
48729,4415
48730,4415
48731,4415
48732,4415
48733,4415
48734,4415
48735,4415
48736,4415
48737,4415
48738,4415
48739,4415
48740,4422
48741,4422
48742,4422
48743,4422
48744,4422
48745,4422
48746,4422
48747,4422
48748,4422
48749,4422
48750,4422
48751,4422
48752,4422
48753,4422
48754,4422
48755,4422
48756,4422
48757,4422
48758,4422
48759,4422
48760,4422
48761,4422
48762,4422
48763,4422
48764,4422
48765,4422
48766,4424
48767,4424
48768,4424
48769,4424
48770,4424
48771,4424
48772,4424
48773,4424
48774,4424
48775,4424
48776,4424
48777,4424
48778,4424
48779,4424
48780,4424
48781,4424
48782,4424
48783,4424
48784,4424
48785,4424
48786,4424
48787,4424
48788,4424
48789,4424
48790,4424
48791,4424
48792,4424
48793,4424
48794,4424
48795,4424
48796,4424
48797,4424
48798,4424
48799,4424
48800,4424
48801,4424
48802,4424
48803,4424
48804,4424
48805,4424
48806,4424
48807,4424
48808,4424
48809,4424
48810,4424
48811,4424
48812,4424
48813,4424
48814,4424
48815,4424
48816,4424
48817,4424
48818,4424
48819,4424
48820,4424
48821,4424
48822,4424
48823,4424
48824,4424
48825,4424
48826,4424
48827,4424
48828,4424
48829,4424
48830,4424
48831,4424
48832,4424
48833,4424
48834,4424
48835,4424
48836,4424
48837,4424
48838,4424
48839,4424
48840,4424
48841,4424
48842,4424
48843,4424
48844,4424
48845,4424
48846,4424
48847,4424
48848,4424
48849,4424
48850,4424
48851,4424
48852,4424
48853,4424
48854,4424
48855,4424
48856,4424
48857,4424
48858,4424
48859,4424
48860,4424
48861,4424
48862,4424
48863,4424
48864,4424
48865,4424
48866,4424
48867,4424
48868,4424
48869,4424
48870,4424
48871,4424
48872,4424
48873,4424
48874,4424
48875,4424
48876,4424
48877,4424
48878,4424
48879,4424
48880,4424
48881,4424
48882,4424
48883,4424
48884,4424
48885,4424
48886,4424
48887,4424
48888,4424
48889,4424
48890,4424
48891,4424
48892,4424
48893,4424
48894,4424
48895,4424
48896,4424
48897,4424
48898,4424
48899,4424
48900,4424
48901,4424
48902,4424
48903,4424
48904,4424
48905,4424
48906,4424
48907,4424
48908,4424
48909,4424
48910,4424
48911,4424
48912,4424
48913,4424
48914,4424
48915,4424
48916,4424
48917,4424
48918,4424
48919,4424
48920,4424
48921,4424
48922,4424
48923,4424
48924,4424
48925,4424
48926,4424
48927,4424
48928,4424
48929,4424
48930,4424
48931,4424
48932,4424
48933,4424
48934,4424
48935,4424
48936,4424
48937,4424
48938,4424
48939,4424
48940,4424
48941,4424
48942,4424
48943,4424
48944,4424
48945,4424
48946,4424
48947,4424
48948,4424
48949,4424
48950,4424
48951,4424
48952,4424
48953,4424
48954,4424
48955,4424
48956,4424
48957,4424
48958,4424
48959,4424
48960,4424
48961,4424
48962,4424
48963,4424
48964,4424
48965,4424
48966,4424
48967,4424
48968,4424
48969,4424
48970,4424
48971,4424
48972,4424
48973,4424
48974,4424
48975,4424
48976,4424
48977,4424
48978,4424
48979,4424
48980,4424
48981,4424
48982,4424
48983,4424
48984,4424
48985,4424
48986,4424
48987,4424
48988,4424
48989,4424
48990,4424
48991,4424
48992,4424
48993,4424
48994,4424
48995,4424
48996,4424
48997,4424
48998,4424
48999,4424
49000,4424
49001,4424
49002,4424
49003,4424
49004,4424
49005,4424
49006,4424
49007,4424
49008,4424
49009,4424
49010,4424
49011,4424
49012,4424
49013,4424
49014,4424
49015,4424
49016,4424
49017,4424
49018,4424
49019,4424
49020,4424
49021,4424
49022,4424
49023,4424
49024,4424
49025,4424
49026,4424
49027,4424
49028,4424
49029,4424
49030,4424
49031,4424
49032,4424
49033,4424
49034,4424
49035,4424
49036,4424
49037,4424
49038,4424
49039,4424
49040,4424
49041,4424
49042,4424
49043,4424
49044,4424
49045,4424
49046,4424
49047,4424
49048,4424
49049,4424
49050,4424
49051,4424
49052,4424
49053,4424
49054,4424
49055,4424
49056,4424
49057,4424
49058,4424
49059,4424
49060,4424
49061,4424
49062,4424
49063,4424
49064,4424
49065,4424
49066,4424
49067,4424
49068,4424
49069,4424
49070,4424
49071,4424
49072,4424
49073,4424
49074,4424
49075,4424
49076,4424
49077,4424
49078,4424
49079,4424
49080,4424
49081,4424
49082,4424
49083,4424
49084,4424
49085,4424
49086,4424
49087,4424
49088,4424
49089,4424
49090,4424
49091,4424
49092,4424
49093,4424
49094,4424
49095,4424
49096,4424
49097,4424
49098,4424
49099,4424
49100,4424
49101,4424
49102,4424
49103,4424
49104,4424
49105,4424
49106,4424
49107,4424
49108,4424
49109,4424
49110,4424
49111,4424
49112,4424
49113,4424
49114,4424
49115,4424
49116,4424
49117,4424
49118,4424
49119,4424
49120,4424
49121,4424
49122,4424
49123,4424
49124,4424
49125,4424
49126,4424
49127,4424
49128,4424
49129,4424
49130,4424
49131,4424
49132,4424
49133,4424
49134,4424
49135,4424
49136,4424
49137,4424
49138,4424
49139,4424
49140,4424
49141,4424
49142,4424
49143,4424
49144,4424
49145,4424
49146,4424
49147,4424
49148,4424
49149,4424
49150,4424
49151,4424
49152,4424
49153,4424
49154,4424
49155,4424
49156,4424
49157,4424
49158,4424
49159,4424
49160,4424
49161,4424
49162,4424
49163,4424
49164,4424
49165,4424
49166,4424
49167,4424
49168,4424
49169,4424
49170,4424
49171,4424
49172,4424
49173,4424
49174,4424
49175,4424
49176,4424
49177,4424
49178,4424
49179,4424
49180,4424
49181,4424
49182,4424
49183,4424
49184,4424
49185,4424
49186,4424
49187,4424
49188,4424
49189,4424
49190,4424
49191,4424
49192,4424
49193,4424
49194,4424
49195,4424
49196,4424
49197,4424
49198,4424
49199,4424
49200,4424
49201,4424
49202,4424
49203,4424
49204,4431
49205,4431
49206,4431
49207,4431
49208,4431
49209,4431
49210,4431
49211,4431
49212,4431
49213,4431
49214,4431
49215,4431
49216,4431
49217,4431
49218,4431
49219,4431
49220,4431
49221,4431
49222,4431
49223,4431
49224,4431
49225,4431
49226,4431
49227,4431
49228,4431
49229,4431
49230,4431
49231,4431
49232,4431
49233,4431
49234,4431
49235,4431
49236,4431
49237,4431
49238,4431
49239,4431
49240,4431
49241,4431
49242,4431
49243,4431
49244,4431
49245,4431
49246,4431
49247,4431
49248,4431
49249,4431
49250,4431
49251,4431
49252,4431
49253,4431
49254,4431
49255,4431
49256,4431
49257,4431
49258,4431
49259,4431
49260,4431
49261,4431
49262,4431
49263,4431
49264,4431
49265,4431
49266,4431
49267,4431
49268,4431
49269,4431
49270,4431
49271,4431
49272,4431
49273,4431
49274,4431
49275,4431
49276,4431
49277,4431
49278,4431
49279,4431
49280,4431
49281,4431
49282,4431
49283,4431
49284,4431
49285,4431
49286,4431
49287,4431
49288,4431
49289,4431
49290,4431
49291,4431
49292,4431
49293,4431
49294,4431
49295,4431
49296,4431
49297,4431
49298,4431
49299,4431
49300,4431
49301,4431
49302,4431
49303,4431
49304,4431
49305,4431
49306,4431
49307,4431
49308,4431
49309,4431
49310,4431
49311,4431
49312,4431
49313,4431
49314,4431
49315,4431
49316,4431
49317,4431
49318,4431
49319,4431
49320,4431
49321,4431
49322,4431
49323,4431
49324,4431
49325,4431
49326,4431
49327,4431
49328,4431
49329,4431
49330,4431
49331,4431
49332,4431
49333,4431
49334,4431
49335,4431
49336,4431
49337,4431
49338,4431
49339,4431
49340,4431
49341,4431
49342,4431
49343,4431
49344,4431
49345,4431
49346,4431
49347,4431
49348,4431
49349,4431
49350,4431
49351,4431
49352,4431
49353,4431
49354,4431
49355,4431
49356,4431
49357,4431
49358,4431
49359,4431
49360,4431
49361,4431
49362,4431
49363,4431
49364,4431
49365,4431
49366,4431
49367,4431
49368,4431
49369,4431
49370,4431
49371,4431
49372,4431
49373,4431
49374,4431
49375,4431
49376,4431
49377,4431
49378,4431
49379,4431
49380,4431
49381,4431
49382,4431
49383,4431
49384,4431
49385,4431
49386,4431
49387,4431
49388,4431
49389,4431
49390,4431
49391,4431
49392,4431
49393,4431
49394,4431
49395,4431
49396,4431
49397,4431
49398,4431
49399,4431
49400,4431
49401,4431
49402,4431
49403,4431
49404,4431
49405,4431
49406,4431
49407,4431
49408,4431
49409,4431
49410,4431
49411,4431
49412,4431
49413,4431
49414,4431
49415,4431
49416,4431
49417,4431
49418,4431
49419,4431
49420,4431
49421,4431
49422,4431
49423,4431
49424,4431
49425,4431
49426,4431
49427,4431
49428,4431
49429,4431
49430,4431
49431,4431
49432,4431
49433,4431
49434,4431
49435,4431
49436,4431
49437,4431
49438,4431
49439,4431
49440,4431
49441,4431
49442,4431
49443,4431
49444,4431
49445,4431
49446,4431
49447,4431
49448,4431
49449,4431
49450,4431
49451,4431
49452,4431
49453,4431
49454,4431
49455,4431
49456,4431
49457,4431
49458,4431
49459,4431
49460,4431
49461,4431
49462,4431
49463,4431
49464,4431
49465,4431
49466,4431
49467,4431
49468,4431
49469,4431
49470,4431
49471,4431
49472,4431
49473,4431
49474,4431
49475,4431
49476,4431
49477,4431
49478,4431
49479,4431
49480,4431
49481,4431
49482,4431
49483,4431
49484,4431
49485,4431
49486,4431
49487,4431
49488,4431
49489,4431
49490,4431
49491,4431
49492,4431
49493,4431
49494,4431
49495,4431
49496,4431
49497,4431
49498,4431
49499,4431
49500,4431
49501,4431
49502,4431
49503,4431
49504,4431
49505,4431
49506,4431
49507,4431
49508,4431
49509,4431
49510,4431
49511,4431
49512,4431
49513,4431
49514,4431
49515,4431
49516,4431
49517,4431
49518,4431
49519,4431
49520,4431
49521,4431
49522,4431
49523,4431
49524,4431
49525,4431
49526,4431
49527,4431
49528,4431
49529,4431
49530,4431
49531,4431
49532,4431
49533,4431
49534,4431
49535,4431
49536,4431
49537,4431
49538,4431
49539,4431
49540,4431
49541,4431
49542,4431
49543,4431
49544,4431
49545,4431
49546,4431
49547,4431
49548,4431
49549,4431
49550,4431
49551,4431
49552,4431
49553,4431
49554,4431
49555,4431
49556,4431
49557,4431
49558,4431
49559,4431
49560,4431
49561,4431
49562,4431
49563,4431
49564,4431
49565,4431
49566,4431
49567,4431
49568,4431
49569,4431
49570,4431
49571,4431
49572,4431
49573,4431
49574,4431
49575,4431
49576,4431
49577,4431
49578,4431
49579,4431
49580,4431
49581,4431
49582,4431
49583,4431
49584,4431
49585,4431
49586,4431
49587,4431
49588,4431
49589,4431
49590,4431
49591,4431
49592,4431
49593,4431
49594,4431
49595,4431
49596,4431
49597,4431
49598,4431
49599,4431
49600,4431
49601,4431
49602,4431
49603,4431
49604,4431
49605,4431
49606,4431
49607,4431
49608,4431
49609,4431
49610,4431
49611,4431
49612,4431
49613,4431
49614,4431
49615,4431
49616,4431
49617,4431
49618,4431
49619,4431
49620,4431
49621,4431
49622,4431
49623,4431
49624,4431
49625,4431
49626,4431
49627,4431
49628,4431
49629,4431
49630,4431
49631,4431
49632,4431
49633,4431
49634,4431
49635,4431
49636,4431
49637,4431
49638,4431
49639,4431
49640,4431
49641,4431
49642,4431
49643,4431
49644,4431
49645,4431
49646,4431
49647,4431
49648,4431
49649,4431
49650,4431
49651,4431
49652,4431
49653,4431
49654,4431
49655,4431
49656,4431
49657,4431
49658,4431
49659,4431
49660,4431
49661,4431
49662,4431
49663,4431
49664,4431
49665,4431
49666,4431
49667,4431
49668,4431
49669,4431
49670,4431
49671,4431
49672,4431
49673,4431
49674,4431
49675,4431
49676,4431
49677,4431
49678,4431
49679,4431
49680,4431
49681,4431
49682,4431
49683,4431
49684,4431
49685,4431
49686,4431
49687,4431
49688,4431
49689,4431
49690,4431
49691,4431
49692,4431
49693,4431
49694,4431
49695,4431
49696,4431
49697,4431
49698,4431
49699,4431
49700,4431
49701,4431
49702,4431
49703,4431
49704,4431
49705,4431
49706,4431
49707,4431
49708,4431
49709,4431
49710,4431
49711,4431
49712,4431
49713,4431
49714,4431
49715,4431
49716,4431
49717,4431
49718,4431
49719,4431
49720,4431
49721,4431
49722,4431
49723,4432
49724,4432
49725,4432
49726,4432
49727,4432
49728,4432
49729,4432
49730,4432
49731,4432
49732,4432
49733,4432
49734,4432
49735,4432
49736,4432
49737,4432
49738,4432
49739,4432
49740,4432
49741,4432
49742,4432
49743,4432
49744,4432
49745,4432
49746,4432
49747,4432
49748,4432
49749,4432
49750,4432
49751,4432
49752,4432
49753,4432
49754,4432
49755,4432
49756,4432
49757,4432
49758,4432
49759,4432
49760,4432
49761,4432
49762,4432
49763,4432
49764,4432
49765,4432
49766,4432
49767,4432
49768,4432
49769,4432
49770,4432
49771,4432
49772,4432
49773,4432
49774,4432
49775,4432
49776,4432
49777,4432
49778,4432
49779,4432
49780,4432
49781,4432
49782,4432
49783,4432
49784,4432
49785,4432
49786,4432
49787,4432
49788,4432
49789,4432
49790,4432
49791,4432
49792,4432
49793,4432
49794,4432
49795,4432
49796,4432
49797,4432
49798,4432
49799,4432
49800,4432
49801,4432
49802,4432
49803,4432
49804,4432
49805,4432
49806,4432
49807,4432
49808,4432
49809,4432
49810,4432
49811,4432
49812,4432
49813,4432
49814,4432
49815,4432
49816,4432
49817,4432
49818,4432
49819,4432
49820,4432
49821,4432
49822,4432
49823,4432
49824,4432
49825,4432
49826,4432
49827,4432
49828,4432
49829,4432
49830,4432
49831,4432
49832,4432
49833,4432
49834,4432
49835,4432
49836,4432
49837,4432
49838,4432
49839,4432
49840,4432
49841,4432
49842,4432
49843,4432
49844,4432
49845,4432
49846,4432
49847,4432
49848,4432
49849,4432
49850,4432
49851,4432
49852,4432
49853,4432
49854,4432
49855,4432
49856,4432
49857,4432
49858,4432
49859,4432
49860,4432
49861,4432
49862,4432
49863,4432
49864,4432
49865,4432
49866,4432
49867,4432
49868,4432
49869,4432
49870,4432
49871,4432
49872,4432
49873,4432
49874,4432
49875,4432
49876,4432
49877,4432
49878,4432
49879,4432
49880,4432
49881,4432
49882,4432
49883,4432
49884,4432
49885,4432
49886,4432
49887,4432
49888,4432
49889,4432
49890,4432
49891,4432
49892,4432
49893,4432
49894,4432
49895,4432
49896,4432
49897,4432
49898,4432
49899,4432
49900,4432
49901,4432
49902,4432
49903,4432
49904,4432
49905,4432
49906,4432
49907,4432
49908,4432
49909,4432
49910,4432
49911,4432
49912,4432
49913,4432
49914,4432
49915,4432
49916,4432
49917,4432
49918,4432
49919,4432
49920,4432
49921,4432
49922,4432
49923,4432
49924,4432
49925,4432
49926,4432
49927,4432
49928,4432
49929,4432
49930,4432
49931,4432
49932,4432
49933,4432
49934,4432
49935,4432
49936,4432
49937,4432
49938,4432
49939,4432
49940,4432
49941,4432
49942,4432
49943,4432
49944,4432
49945,4432
49946,4432
49947,4432
49948,4432
49949,4432
49950,4432
49951,4432
49952,4432
49953,4432
49954,4432
49955,4432
49956,4432
49957,4432
49958,4432
49959,4432
49960,4432
49961,4432
49962,4432
49963,4432
49964,4432
49965,4432
49966,4432
49967,4432
49968,4432
49969,4432
49970,4432
49971,4432
49972,4432
49973,4432
49974,4432
49975,4432
49976,4432
49977,4432
49978,4432
49979,4432
49980,4432
49981,4432
49982,4432
49983,4432
49984,4432
49985,4432
49986,4432
49987,4432
49988,4432
49989,4432
49990,4432
49991,4432
49992,4432
49993,4432
49994,4432
49995,4432
49996,4432
49997,4432
49998,4432
49999,4432
